% function evaluation | noise-free fitness - Fopt (7.627000000000e+001) | best noise-free fitness - Fopt | measured fitness | best measured fitness | x1 | x2...
1 +1.942555914e+006 +1.942555914e+006 +1.942632184e+006 +1.942632184e+006 +4.9938e+000 +7.8642e-001 +9.6249e-001 +2.3547e+000 -2.6014e+000 -4.6882e+000 -4.7933e+000 +3.2565e+000 +1.0149e+000 -5.4262e-001 -1.8786e-001 +4.4440e+000 +4.3489e+000 +7.1681e-001 +1.5270e+000 -4.9953e+000 -1.0350e+000 +1.4453e+000 +2.6596e+000 -3.4397e+000
5 +5.264526824e+005 +5.264526824e+005 +5.265289524e+005 +5.265289524e+005 -4.7503e+000 -2.8978e+000 -4.2788e+000 +3.3668e+000 -4.5504e-001 +2.0692e+000 -2.5607e+000 +4.1357e+000 -2.4261e+000 -4.8628e+000 +1.9745e+000 -3.2688e-001 -2.3809e+000 -3.9594e-001 +1.8075e+000 -2.9037e+000 -3.4973e+000 -3.0213e-001 +1.1538e+000 +1.7930e+000
6 +3.820386455e+005 +3.820386455e+005 +3.821149155e+005 +3.821149155e+005 +8.9636e-001 -1.9584e+000 -3.0656e+000 +4.5126e+000 +4.0086e+000 -4.9596e+000 -4.5072e+000 +3.6861e+000 +3.0075e+000 -2.9156e+000 +2.5846e+000 +2.1594e+000 +2.7289e+000 -3.0565e+000 +2.2136e+000 +3.1249e+000 -1.9951e+000 +5.5493e-001 -8.6917e-001 -3.8960e+000
8 +1.500309312e+005 +1.500309312e+005 +1.501072012e+005 +1.501072012e+005 -2.4405e+000 +8.1251e-001 -3.7586e+000 +3.0852e-001 -4.5114e+000 -4.2972e+000 +1.9949e+000 +3.1210e+000 +3.0241e+000 +7.9672e-001 +1.5462e+000 -1.0748e+000 +2.6672e+000 -7.8681e-001 -1.4130e+000 -2.8651e+000 -2.6652e+000 +3.4323e-001 -4.1599e+000 -2.7760e-001
56 +8.813342244e+004 +8.813342244e+004 +8.820969244e+004 +8.820969244e+004 -3.7064e+000 -4.3311e+000 -3.6285e+000 +4.6544e+000 -3.5269e-001 -3.1777e+000 -4.0985e+000 +2.7854e+000 -3.0136e+000 +8.5669e-001 -4.0401e+000 +3.3411e-001 +3.7969e+000 +2.7042e+000 +4.6747e+000 +1.0357e+000 -3.5765e+000 +1.2177e+000 -4.9948e-001 -2.8166e+000
100 +3.825343371e+004 +3.825343371e+004 +3.832970371e+004 +3.832970371e+004 +5.5146e-001 -3.3751e+000 -8.0068e-001 +1.7838e+000 +1.0457e+000 -4.2206e+000 -4.2739e-001 -2.0593e+000 -1.3579e+000 -3.8037e+000 +1.5462e+000 -1.0748e+000 -3.6386e-001 +1.3203e+000 +3.3064e+000 +1.0884e+000 +3.3044e+000 -4.1959e+000 -3.0069e+000 +3.7525e+000
150 +1.228965135e+003 +1.228965135e+003 +1.305235135e+003 +1.305235135e+003 +7.5548e-001 +3.6289e-001 -7.8050e-001 -1.3787e+000 -7.4344e-002 -4.6883e+000 +1.9949e+000 +3.1210e+000 +3.0241e+000 +7.9672e-001 +1.5462e+000 -1.0748e+000 -3.6386e-001 +1.3203e+000 +3.3064e+000 +1.0884e+000 +3.3044e+000 -4.1959e+000 -3.0069e+000 +3.7525e+000
192 +4.198098957e+002 +4.198098957e+002 +4.960798957e+002 +4.960798957e+002 +9.2484e-002 -2.8074e+000 -6.0555e-001 +4.3368e+000 +2.9641e+000 -2.0712e+000 -4.5072e+000 +3.6861e+000 +3.0075e+000 -2.9156e+000 +2.5846e+000 +2.1594e+000 +2.7289e+000 -3.0565e+000 +2.2136e+000 +3.1249e+000 -1.9951e+000 +5.5493e-001 +8.0955e-001 -3.8960e+000
730 +3.336885022e+002 +3.336885022e+002 +4.099585022e+002 +4.099585022e+002 +2.4358e+000 -2.8074e+000 -6.0555e-001 +4.3368e+000 +2.9641e+000 -2.0712e+000 -3.7162e+000 +2.8305e+000 -3.7903e+000 +1.7063e+000 -4.4647e+000 +4.4440e+000 +4.4412e+000 -3.4366e+000 -4.0812e+000 +3.5203e+000 -3.8349e+000 -1.6067e+000 -3.1493e+000 +7.3826e-001
