% function evaluation | noise-free fitness - Fopt (-5.235000000000e+001) | best noise-free fitness - Fopt | measured fitness | best measured fitness | x1 | x2...
1 +1.029556632e+002 +1.029556632e+002 +5.060566319e+001 +5.060566319e+001 -2.6822e+000 -2.6723e+000 -5.9409e-001 -1.0173e+000 -7.7553e-001 +4.1274e+000 -4.2151e+000 +2.0872e+000 +2.4210e+000 -3.2315e+000 +4.1439e+000 +4.6594e+000 -4.7011e+000 -3.1553e+000 +3.9154e+000 -4.0013e+000 +3.4441e+000 +3.5015e-001 -4.3257e+000 -1.8470e+000
3 +7.230581227e+001 +7.230581227e+001 +1.995581227e+001 +1.995581227e+001 +3.8370e+000 +3.3895e+000 -3.3499e-002 -1.9762e+000 -2.2546e+000 +2.4385e+000 +4.0413e-001 -7.4162e-001 +4.8842e+000 -2.6180e+000 -3.1618e+000 +6.2139e-002 +3.3134e+000 -1.9735e+000 -4.2754e-001 -3.8580e+000 +7.2068e-001 -1.0726e+000 +2.9129e+000 +2.3711e+000
11 +5.098816281e+001 +5.098816281e+001 -1.361837191e+000 -1.361837191e+000 +4.5709e-002 -1.2973e+000 +3.8489e+000 -4.1781e+000 +1.6257e+000 +3.3440e+000 -1.4189e+000 -9.5509e-002 +2.8005e+000 -4.9808e+000 +6.4492e-001 -1.8935e+000 +4.2277e+000 -4.3709e+000 -2.0984e+000 -1.8944e+000 +5.1130e-001 +3.8525e-001 +3.1031e+000 +3.9516e+000
190 +3.336886466e+001 +3.336886466e+001 -1.898113534e+001 -1.898113534e+001 -1.0759e+001 -2.3812e+000 +2.2681e+000 +1.1712e+000 -3.7657e+000 +4.4481e+000 -2.2588e+000 -1.6311e+000 -7.4527e-002 -6.3526e+000 +7.5655e-001 +2.5091e+000 +9.7392e-001 -6.0261e+000 +2.7751e+000 -2.2980e+000 -5.1784e+000 -6.7519e+000 +3.9363e-001 -7.0448e-001
250 +2.096144631e+001 +2.096144631e+001 -3.138855369e+001 -3.138855369e+001 -9.1667e+000 -2.6341e+000 +2.2197e+000 +5.8701e-002 -3.1454e+000 +4.4695e+000 -3.9339e+000 -1.3069e+000 +1.1163e-001 -5.2484e+000 +2.4807e+000 +2.5467e-001 +1.2874e+000 -3.7228e+000 +3.3704e+000 -1.4919e-001 -3.5118e+000 -4.0714e+000 +8.1920e-001 -5.3469e-001
309 +1.282620543e+001 +1.282620543e+001 -3.952379457e+001 -3.952379457e+001 -5.4820e+000 -2.6644e+000 +1.8672e+000 -1.1827e+000 -2.8261e+000 +4.7240e+000 -6.6708e+000 +9.9490e-002 +1.1322e+000 -3.9759e+000 +3.8649e+000 -2.0127e+000 +9.1796e-001 +1.2736e-001 +2.4399e+000 +3.1441e+000 -6.3715e-001 -6.6259e-001 -2.3258e-001 -1.2073e+000
366 +9.890206650e+000 +9.890206650e+000 -4.245979335e+001 -4.245979335e+001 -5.6101e+000 -2.3927e+000 +2.1418e+000 -8.6605e-001 -3.1820e+000 +4.6041e+000 -6.1381e+000 +2.0288e-001 +1.5784e+000 -4.2346e+000 +3.2950e+000 -1.2642e+000 +1.1163e+000 -6.1038e-001 +1.4100e+000 +2.0625e+000 -1.1471e+000 -1.0871e+000 -2.2401e-001 -1.8714e+000
1158 +5.625202502e+000 +5.625202502e+000 -4.672479750e+001 -4.672479750e+001 +1.8651e+000 +1.6339e-001 +9.5137e-001 -2.9393e+000 -3.8018e-001 +3.5768e+000 -3.6952e+000 -1.6834e+000 +1.8015e+000 +2.9036e-001 +2.6277e+000 +6.9064e-001 +3.9893e+000 +6.7439e-001 -1.1184e+000 +5.9180e-001 -1.5243e+000 +2.5624e+000 +3.4277e+000 -5.9183e+000
1563 +3.270861894e+000 +3.270861894e+000 -4.907913811e+001 -4.907913811e+001 -2.0141e+000 -2.4581e+000 +2.4595e+000 -1.9806e+000 -7.8583e-001 +3.7685e+000 -2.7546e+000 +4.5726e-001 +2.8597e+000 -3.0241e+000 +2.5175e+000 -9.8579e-001 +2.1310e+000 -1.6280e+000 -1.2244e+000 +2.4376e-001 -6.4130e-001 +7.6717e-001 +2.3869e+000 -3.7340e+000
