% function evaluation | noise-free fitness - Fopt (7.627000000000e+001) | best noise-free fitness - Fopt | measured fitness | best measured fitness | x1 | x2...
1 +1.226372172e+007 +1.226372172e+007 +1.226379799e+007 +1.226379799e+007 +3.3379e+000 -1.4634e+000 +3.0011e+000 +9.9246e-001 -2.5114e+000 +4.3210e+000 -1.5352e+000 +1.1844e+000 -4.5874e+000 -2.9284e+000 +3.9514e+000 -2.9678e+000 -3.1655e+000 +1.0012e+000 -4.7294e-001 -3.8449e+000 -4.7003e-001 +5.8670e-001 -9.4460e-001 +1.7887e+000
2 +6.872835444e+006 +6.872835444e+006 +6.872911714e+006 +6.872911714e+006 -4.9037e+000 +4.0453e+000 -3.1684e+000 -1.3513e+000 -8.6367e-002 +2.5879e+000 -8.1284e-002 +4.6779e+000 -4.4376e+000 -2.2745e+000 +1.9100e+000 +7.7146e-002 -2.1978e+000 -4.3908e+000 +4.2422e+000 -2.5418e+000 -1.8139e+000 -2.7283e+000 +3.0726e+000 -4.2109e+000
3 +3.711599795e+006 +3.711599795e+006 +3.711676065e+006 +3.711676065e+006 -1.6807e+000 +2.3344e-001 +1.9624e+000 +4.2034e+000 -6.3647e-002 +1.4735e+000 -5.8760e-001 +3.1293e+000 +1.4076e+000 -4.1827e+000 -4.4271e-001 +6.7010e-001 -1.2646e+000 +1.0876e+000 -2.7635e+000 +3.3052e+000 +4.7539e+000 -1.9104e+000 -3.0796e+000 +4.6902e-001
4 +2.192039339e+006 +2.192039339e+006 +2.192115609e+006 +2.192115609e+006 +3.6721e+000 +1.6390e+000 -2.2168e+000 -1.2976e+000 +9.0191e-001 -3.1172e+000 +4.7059e+000 -2.5260e+000 +3.8647e+000 -4.2330e+000 -5.7442e-001 -3.1123e+000 +4.1993e-001 -8.7512e-001 +4.5810e+000 -2.6084e+000 +3.9288e-001 -3.0135e+000 -2.3700e+000 -1.4302e-001
8 +7.317213455e+005 +7.317213455e+005 +7.317976155e+005 +7.317976155e+005 -2.5541e+000 -4.9891e+000 +1.5337e+000 +4.3777e+000 -2.5073e+000 -3.0157e-001 -3.1391e+000 +2.5218e+000 +7.1305e-001 -1.6477e+000 +3.0370e+000 +4.9280e+000 -1.5105e+000 -3.2390e+000 -6.9182e-001 -4.1058e-001 -3.8648e+000 -4.3017e+000 +3.7094e+000 +7.1344e-001
10 +2.555260426e+004 +2.555260426e+004 +2.562887426e+004 +2.562887426e+004 +3.1658e+000 -3.9930e+000 +1.0969e-001 -1.3363e+000 +3.3434e+000 -1.9995e+000 +3.7841e+000 +9.9151e-001 +4.7144e+000 +8.1388e-001 -3.5057e+000 -2.7291e-001 -5.2012e-001 -4.4471e+000 -3.4476e+000 +3.1987e+000 +4.9577e+000 +3.2055e+000 +1.0922e+000 +4.1407e+000
55 +2.699097263e+003 +2.699097263e+003 +2.775367263e+003 +2.775367263e+003 -1.1499e+000 -1.1838e+000 +1.5337e+000 +4.3777e+000 -2.5073e+000 -3.0157e-001 -3.1391e+000 +2.5218e+000 +7.1305e-001 -1.6477e+000 +3.0370e+000 +4.9280e+000 -1.5105e+000 -3.2390e+000 -6.9182e-001 -4.1058e-001 -3.8648e+000 -4.3017e+000 +3.7094e+000 +7.1344e-001
157 +7.047723086e+002 +7.047723086e+002 +7.810423086e+002 +7.810423086e+002 +3.3379e+000 -1.4634e+000 +3.0011e+000 +9.9246e-001 -2.5114e+000 +4.3210e+000 -1.5352e+000 +1.1844e+000 -4.5874e+000 -2.9284e+000 +3.9514e+000 +4.9280e+000 -1.5105e+000 -3.2390e+000 -6.9182e-001 -4.1058e-001 -3.8648e+000 -4.3017e+000 +3.7094e+000 +7.1344e-001
437 +3.513530683e+002 +3.513530683e+002 +4.276230683e+002 +4.276230683e+002 +3.9072e+000 +4.0453e+000 -4.1871e+000 -2.6996e+000 -1.5952e-001 +4.3210e+000 -1.5352e+000 +1.1844e+000 -4.5874e+000 -2.9284e+000 +3.9514e+000 -1.1401e+000 -2.4330e+000 -4.0312e+000 -6.9182e-001 -4.1058e-001 -3.8648e+000 -4.3017e+000 +3.7094e+000 +7.1344e-001
