% function evaluation | noise-free fitness - Fopt (-4.620900000000e+002) | best noise-free fitness - Fopt | measured fitness | best measured fitness | x1 | x2...
1 +3.790436089e+002 +3.790436089e+002 -8.304639109e+001 -8.304639109e+001 -2.0169e+000 -3.9262e+000
2 +1.790654173e+002 +1.790654173e+002 -2.830245827e+002 -2.830245827e+002 +1.1021e-003 -1.3607e+000
3 +5.351845623e+001 +5.351845623e+001 -4.085715438e+002 -4.085715438e+002 +3.3987e+000 +2.3867e+000
56 +8.270735024e+000 +8.270735024e+000 -4.538192650e+002 -4.538192650e+002 -2.2888e+000 +3.0482e+000
116 +6.219010544e+000 +6.219010544e+000 -4.558709895e+002 -4.558709895e+002 -2.3507e+000 +2.8881e+000
168 +3.980965319e+000 +3.980965319e+000 -4.581090347e+002 -4.581090347e+002 -2.3404e+000 +2.9209e+000
1254 +1.627496575e+000 +1.627496575e+000 -4.604625034e+002 -4.604625034e+002 -2.2997e+000 +1.9791e+000
1262 +1.258059514e+000 +1.258059514e+000 -4.608319405e+002 -4.608319405e+002 -2.3020e+000 +1.9912e+000
1324 +9.958418524e-001 +9.958418524e-001 -4.610941581e+002 -4.610941581e+002 -2.3393e+000 +1.9906e+000
