% function evaluation | noise-free fitness - Fopt (-4.620900000000e+002) | best noise-free fitness - Fopt | measured fitness | best measured fitness | x1 | x2...
1 +2.478656697e+002 +2.478656697e+002 -2.142243303e+002 -2.142243303e+002 +1.5974e+000 -2.3509e+000
5 +7.882819223e+001 +7.882819223e+001 -3.832618078e+002 -3.832618078e+002 +2.8760e+000 +3.6874e-001
24 +3.598362036e+001 +3.598362036e+001 -4.261063796e+002 -4.261063796e+002 -7.2343e-001 +2.4062e+000
26 +1.657508918e+001 +1.657508918e+001 -4.455149108e+002 -4.455149108e+002 -4.2643e-001 +1.5561e+000
29 +1.506575131e+001 +1.506575131e+001 -4.470242487e+002 -4.470242487e+002 -3.5905e-001 +1.3632e+000
2086 +7.599101400e+000 +7.599101400e+000 -4.544908986e+002 -4.544908986e+002 -3.2980e+000 +2.2388e+000
2089 +6.044816649e+000 +6.044816649e+000 -4.560451834e+002 -4.560451834e+002 -3.3478e+000 +2.3606e+000
2090 +1.101389224e+000 +1.101389224e+000 -4.609886108e+002 -4.609886108e+002 -3.3253e+000 +2.3057e+000
2156 +9.965971396e-001 +9.965971396e-001 -4.610934029e+002 -4.610934029e+002 -3.3383e+000 +2.3008e+000
