% function evaluation | noise-free fitness - Fopt (-4.620900000000e+002) | best noise-free fitness - Fopt | measured fitness | best measured fitness | x1 | x2...
1 +4.752520883e+002 +4.752520883e+002 +1.316208833e+001 +1.316208833e+001 -1.4666e+000 -3.5600e+000 -4.2017e+000
2 +2.294114156e+002 +2.294114156e+002 -2.326785844e+002 -2.326785844e+002 -3.7074e+000 -1.7918e+000 -1.3709e+000
4 +1.233293840e+002 +1.233293840e+002 -3.387606160e+002 -3.387606160e+002 -2.3823e+000 +2.4133e+000 -1.0743e+000
5 +5.495998999e+001 +5.495998999e+001 -4.071300100e+002 -4.071300100e+002 +3.1770e+000 +1.7340e+000 +1.5272e+000
262 +3.720500746e+001 +3.720500746e+001 -4.248849925e+002 -4.248849925e+002 +2.7924e+000 +1.7314e+000 +2.1307e+000
452 +1.314037239e+001 +1.314037239e+001 -4.489496276e+002 -4.489496276e+002 -3.3883e+000 +2.8694e+000 +2.9916e+000
539 +7.805244260e+000 +7.805244260e+000 -4.542847557e+002 -4.542847557e+002 -3.3363e+000 +2.8451e+000 +2.8997e+000
540 +6.073070071e+000 +6.073070071e+000 -4.560169299e+002 -4.560169299e+002 -3.3278e+000 +2.8429e+000 +2.8400e+000
923 +3.626710878e+000 +3.626710878e+000 -4.584632891e+002 -4.584632891e+002 -1.3837e+000 +2.8611e+000 +2.2005e+000
