% function evaluation | noise-free fitness - Fopt (-5.465000000000e+002) | best noise-free fitness - Fopt | measured fitness | best measured fitness | x1 | x2...
1 +1.083850137e+005 +1.083850137e+005 +1.078385137e+005 +1.078385137e+005 +1.8071e+000 -3.5791e+000
2 +7.076598278e+003 +7.076598278e+003 +6.530098278e+003 +6.530098278e+003 -2.4656e-001 +4.0235e+000
3 +4.154742001e+003 +4.154742001e+003 +3.608242001e+003 +3.608242001e+003 -3.5608e+000 -6.7693e-001
47 +5.343296592e+000 +5.343296592e+000 -5.411567034e+002 -5.411567034e+002 +7.7202e-001 +1.4338e+000
51 +3.382647987e+000 +3.382647987e+000 -5.431173520e+002 -5.431173520e+002 -1.0804e+000 +9.3377e-001
68 +2.390246691e+000 +2.390246691e+000 -5.441097533e+002 -5.441097533e+002 -1.0242e+000 +9.0793e-001
1129 +1.148358006e+000 +1.148358006e+000 -5.453516420e+002 -5.453516420e+002 -2.1067e+000 +6.4662e-001
3172 +6.423098390e-001 +6.423098390e-001 -5.458576902e+002 -5.458576902e+002 -2.1306e+000 +9.6601e-001
3185 +5.990833044e-001 +5.990833044e-001 -5.459009167e+002 -5.459009167e+002 -2.0980e+000 +9.5786e-001
