% function evaluation | noise-free fitness - Fopt (-5.465000000000e+002) | best noise-free fitness - Fopt | measured fitness | best measured fitness | x1 | x2...
1 +1.256830358e+004 +1.256830358e+004 +1.202180358e+004 +1.202180358e+004 +3.9808e+000 -2.0023e+000 +2.5861e+000
3 +7.396856794e+003 +7.396856794e+003 +6.850356794e+003 +6.850356794e+003 -3.3647e+000 +5.4884e-001 +3.9503e+000
5 +2.845605655e+002 +2.845605655e+002 -2.619394345e+002 -2.619394345e+002 -3.3409e+000 +2.5956e-001 +2.2008e+000
25 +5.508414190e+001 +5.508414190e+001 -4.914158581e+002 -4.914158581e+002 +2.8387e+000 +8.3074e-001 +2.5840e+000
47 +6.453860154e+000 +6.453860154e+000 -5.400461398e+002 -5.400461398e+002 +2.0228e+000 +6.3139e-001 +1.4531e+000
48 +5.042915167e+000 +5.042915167e+000 -5.414570848e+002 -5.414570848e+002 +2.4196e+000 +7.4935e-001 +2.0138e+000
52 +3.766825486e+000 +3.766825486e+000 -5.427331745e+002 -5.427331745e+002 +2.4875e+000 +7.6951e-001 +2.1097e+000
108 +2.461005081e+000 +2.461005081e+000 -5.440389949e+002 -5.440389949e+002 +2.5231e+000 +6.7337e-001 +2.1418e+000
987 +1.535482472e+000 +1.535482472e+000 -5.449645175e+002 -5.449645175e+002 +2.5061e+000 +6.6148e-001 +2.4610e+000
