% function evaluation | noise-free fitness - Fopt (-5.465000000000e+002) | best noise-free fitness - Fopt | measured fitness | best measured fitness | x1 | x2...
1 +3.052799671e+003 +3.052799671e+003 +2.506299671e+003 +2.506299671e+003 -4.8786e+000 -1.9656e+000 +2.2799e+000
24 +1.076801321e+003 +1.076801321e+003 +5.303013214e+002 +5.303013214e+002 +3.3829e+000 +1.1250e-001 +2.5779e+000
31 +8.741015708e+002 +8.741015708e+002 +3.276015708e+002 +3.276015708e+002 +3.3587e+000 +2.2543e-001 +2.7791e+000
51 +3.403511970e+000 +3.403511970e+000 -5.430964880e+002 -5.430964880e+002 +1.4010e+000 +2.7979e+000 +1.4093e+000
59 +2.273543874e+000 +2.273543874e+000 -5.442264561e+002 -5.442264561e+002 +1.2954e+000 +2.9360e+000 +1.3336e+000
104 +1.583904465e+000 +1.583904465e+000 -5.449160955e+002 -5.449160955e+002 +1.5249e+000 +3.0174e+000 +1.3128e+000
4732 +8.504251277e-001 +8.504251277e-001 -5.456495749e+002 -5.456495749e+002 -1.9758e+000 +1.1464e-001 +2.6354e+000
4740 +5.845436281e-001 +5.845436281e-001 -5.459154564e+002 -5.459154564e+002 -2.1038e+000 +8.2675e-002 +2.6435e+000
4827 +3.976263042e-001 +3.976263042e-001 -5.461023737e+002 -5.461023737e+002 -2.1014e+000 +7.8422e-002 +2.6120e+000
