% function evaluation | noise-free fitness - Fopt (-5.465000000000e+002) | best noise-free fitness - Fopt | measured fitness | best measured fitness | x1 | x2...
1 +2.903438201e+004 +2.903438201e+004 +2.848788201e+004 +2.848788201e+004 -4.4586e+000 +4.2633e+000
22 +2.869806674e+002 +2.869806674e+002 -2.595193326e+002 -2.595193326e+002 -3.3427e+000 +8.2492e-001
28 +2.217614757e+002 +2.217614757e+002 -3.247385243e+002 -3.247385243e+002 -3.2356e+000 +4.9492e-001
48 +6.582989826e+000 +6.582989826e+000 -5.399170102e+002 -5.399170102e+002 +9.7878e-001 +1.5980e+000
49 +4.802046548e+000 +4.802046548e+000 -5.416979535e+002 -5.416979535e+002 -1.0479e+000 +9.9294e-001
51 +3.837546346e+000 +3.837546346e+000 -5.426624537e+002 -5.426624537e+002 -1.8660e+000 +7.4871e-001
54 +2.205352676e+000 +2.205352676e+000 -5.442946473e+002 -5.442946473e+002 -2.1785e+000 +6.5543e-001
69 +1.523595071e+000 +1.523595071e+000 -5.449764049e+002 -5.449764049e+002 -2.1316e+000 +6.5105e-001
1173 +6.077018818e-001 +6.077018818e-001 -5.458922981e+002 -5.458922981e+002 -2.0846e+000 +9.6143e-001
