% function evaluation | noise-free fitness - Fopt (-5.465000000000e+002) | best noise-free fitness - Fopt | measured fitness | best measured fitness | x1 | x2...
1 +5.261257265e+003 +5.261257265e+003 +4.714757265e+003 +4.714757265e+003 +9.1169e-001 +9.3276e-001 -2.0492e-001
2 +3.342305552e+002 +3.342305552e+002 -2.122694448e+002 -2.122694448e+002 -1.4151e+000 -5.6430e-001 +3.1478e+000
46 +6.219713936e+001 +6.219713936e+001 -4.843028606e+002 -4.843028606e+002 +2.8873e+000 +3.0180e+000 +1.8508e+000
48 +1.545989224e+001 +1.545989224e+001 -5.310401078e+002 -5.310401078e+002 +2.6820e+000 +3.1098e+000 +1.9341e+000
50 +6.030301732e+000 +6.030301732e+000 -5.404696983e+002 -5.404696983e+002 +2.5828e+000 +3.1542e+000 +1.9743e+000
70 +3.263304198e+000 +3.263304198e+000 -5.432366958e+002 -5.432366958e+002 +1.4080e+000 +8.1061e-001 +1.7814e+000
77 +2.280901775e+000 +2.280901775e+000 -5.442190982e+002 -5.442190982e+002 +1.4694e+000 +9.3432e-001 +1.7918e+000
388 +1.293953818e+000 +1.293953818e+000 -5.452060462e+002 -5.452060462e+002 -2.2153e+000 +2.0850e+000 +6.6635e-001
437 +9.085725286e-001 +9.085725286e-001 -5.455914275e+002 -5.455914275e+002 -2.1030e+000 +2.1113e+000 +6.5193e-001
