% function evaluation | noise-free fitness - Fopt (-5.465000000000e+002) | best noise-free fitness - Fopt | measured fitness | best measured fitness | x1 | x2...
1 +4.220128005e+004 +4.220128005e+004 +4.165478005e+004 +4.165478005e+004 -3.1971e+000 +1.5036e+000 -2.4414e+000
24 +1.617254235e+003 +1.617254235e+003 +1.070754235e+003 +1.070754235e+003 -4.5061e+000 -9.8154e-001 +2.5756e+000
49 +7.962565627e+002 +7.962565627e+002 +2.497565627e+002 +2.497565627e+002 -9.1933e-001 -9.7906e-001 +2.6487e+000
50 +2.166284461e+002 +2.166284461e+002 -3.298715539e+002 -3.298715539e+002 -2.4714e+000 -9.8513e-001 +2.6037e+000
73 +4.624456481e+000 +4.624456481e+000 -5.418755435e+002 -5.418755435e+002 -1.1666e+000 +1.9445e+000 +1.5483e+000
74 +3.535638691e+000 +3.535638691e+000 -5.429643613e+002 -5.429643613e+002 -1.9513e+000 +5.0618e-001 +2.0620e+000
76 +2.201357255e+000 +2.201357255e+000 -5.442986427e+002 -5.442986427e+002 -2.2623e+000 -6.3891e-002 +2.2657e+000
96 +1.542624013e+000 +1.542624013e+000 -5.449573760e+002 -5.449573760e+002 -2.1897e+000 +5.0555e-002 +2.2303e+000
4869 +9.124150830e-001 +9.124150830e-001 -5.455875849e+002 -5.455875849e+002 -2.0240e+000 -4.6666e-001 +2.7339e+000
