% function evaluation | noise-free fitness - Fopt (-5.465000000000e+002) | best noise-free fitness - Fopt | measured fitness | best measured fitness | x1 | x2...
1 +2.349653602e+005 +2.349653602e+005 +2.344188602e+005 +2.344188602e+005 -1.4487e-001 -4.8510e+000 +4.1074e+000 +4.8558e+000 -3.8682e+000 -3.9149e+000 -4.2523e+000 +5.4165e-001 +4.2662e+000 -2.7726e+000
2 +1.055632461e+005 +1.055632461e+005 +1.050167461e+005 +1.050167461e+005 -1.1169e+000 +1.3173e+000 -4.3800e+000 -1.5262e+000 +2.9540e+000 +1.5536e+000 -2.7641e+000 -2.5201e+000 +3.4347e+000 +4.4361e+000
4 +4.244578141e+004 +4.244578141e+004 +4.189928141e+004 +4.189928141e+004 +3.2916e+000 +4.2224e+000 +3.4754e-001 -3.1515e+000 -3.2046e+000 -3.1525e+000 -3.9902e+000 -3.3463e+000 -4.2265e+000 -9.7774e-001
46 +3.376134026e+004 +3.376134026e+004 +3.321484026e+004 +3.321484026e+004 +4.2387e+000 +1.9802e+000 -4.1785e-001 -2.7340e+000 +6.7836e+000 -3.2202e+000 +1.2203e+000 +3.2630e-001 -1.0945e+000 +9.3404e-001
87 +3.999730602e+002 +3.999730602e+002 -1.465269398e+002 -1.465269398e+002 +3.4939e+000 +1.9802e+000 -4.2178e-001 -1.3535e+000 +5.1076e-001 -4.8087e-001 -1.0561e+000 +2.1181e+000 -8.3786e-001 +1.2722e+000
94 +3.590430851e+002 +3.590430851e+002 -1.874569149e+002 -1.874569149e+002 +3.4418e+000 +1.9802e+000 -4.2200e-001 -1.2577e+000 +7.4489e-002 -2.9130e-001 -1.2152e+000 +2.2465e+000 -8.3670e-001 +1.3259e+000
130 +3.855643749e+000 +3.855643749e+000 -5.426443563e+002 -5.426443563e+002 -8.9574e-001 +1.9731e+000 -4.3309e-001 -1.1697e+000 -1.4794e-001 -8.4270e-001 -1.3701e+000 +2.3579e+000 -7.9517e-001 +1.3340e+000
721 +2.096723412e+000 +2.096723412e+000 -5.444032766e+002 -5.444032766e+002 -2.2216e+000 -1.2363e+000 +2.0429e-001 -1.9195e+000 +2.1990e+000 -1.9801e+000 -1.1606e+000 +8.2860e-001 -2.0594e+000 +1.2883e+000
1353 +1.581989506e+000 +1.581989506e+000 -5.449180105e+002 -5.449180105e+002 -1.9052e+000 +4.7051e-001 +2.4791e+000 -2.0100e+000 +2.0896e+000 -2.0299e+000 -8.2635e-001 +2.3990e+000 -7.0463e-001 +1.8890e+000
