% function evaluation | noise-free fitness - Fopt (1.000000000000e+003) | best noise-free fitness - Fopt | measured fitness | best measured fitness | x1 | x2...
1 +4.318894282e+003 +4.318894282e+003 +5.318894282e+003 +5.318894282e+003 +4.5706e+000 +1.1294e+000 -4.7297e+000
2 +9.877954895e+001 +9.877954895e+001 +1.098779549e+003 +1.098779549e+003 +5.7430e-001 +1.5620e+000 +3.2417e+000
5 +5.571082254e+001 +5.571082254e+001 +1.055710823e+003 +1.055710823e+003 -3.2692e+000 +4.3896e+000 +4.7326e+000
89 +3.569142370e+001 +3.569142370e+001 +1.035691424e+003 +1.035691424e+003 -6.1579e+000 +2.3818e+000 +1.4387e+000
145 +2.467868248e+001 +2.467868248e+001 +1.024678682e+003 +1.024678682e+003 -5.9280e+000 +2.3667e+000 +1.7736e+000
3584 +1.536343508e+001 +1.536343508e+001 +1.015363435e+003 +1.015363435e+003 -3.5666e+000 +2.6225e+000 +3.0716e+000
3614 +5.286793945e+000 +5.286793945e+000 +1.005286794e+003 +1.005286794e+003 -3.6342e+000 +2.4452e+000 +3.1467e+000
3648 +3.226409404e+000 +3.226409404e+000 +1.003226409e+003 +1.003226409e+003 -3.6193e+000 +2.4055e+000 +3.1158e+000
3696 +1.990578403e+000 +1.990578403e+000 +1.001990578e+003 +1.001990578e+003 -3.6264e+000 +2.4432e+000 +3.0968e+000
