% function evaluation | noise-free fitness - Fopt (1.000000000000e+003) | best noise-free fitness - Fopt | measured fitness | best measured fitness | x1 | x2...
1 +9.917332509e+002 +9.917332509e+002 +1.991733251e+003 +1.991733251e+003 +2.1953e+000 -4.7173e+000 -7.1711e-001
3 +5.643018457e+002 +5.643018457e+002 +1.564301846e+003 +1.564301846e+003 +2.5039e+000 -3.8522e+000 +1.2872e+000
25 +1.550045039e+002 +1.550045039e+002 +1.155004504e+003 +1.155004504e+003 -2.6641e+000 -3.1443e+000 +2.1834e+000
53 +5.078243536e+001 +5.078243536e+001 +1.050782435e+003 +1.050782435e+003 -2.2681e+000 +6.1959e-002 +5.4004e+000
119 +3.894494006e+001 +3.894494006e+001 +1.038944940e+003 +1.038944940e+003 -2.4925e+000 +1.3159e-001 +5.3006e+000
225 +1.936126200e+001 +1.936126200e+001 +1.019361262e+003 +1.019361262e+003 -1.3888e+000 +1.8185e+000 +5.4349e+000
226 +1.197613035e+001 +1.197613035e+001 +1.011976130e+003 +1.011976130e+003 -1.2829e+000 +1.8094e+000 +5.5637e+000
274 +8.988859878e+000 +8.988859878e+000 +1.008988860e+003 +1.008988860e+003 -1.3564e+000 +1.8238e+000 +5.5490e+000
5312 +6.217125628e+000 +6.217125628e+000 +1.006217126e+003 +1.006217126e+003 -2.8598e+000 +4.1649e+000 +3.7470e+000
