% function evaluation | noise-free fitness - Fopt (1.000000000000e+003) | best noise-free fitness - Fopt | measured fitness | best measured fitness | x1 | x2...
1 +7.296286160e+002 +7.296286160e+002 +1.729628616e+003 +1.729628616e+003 +1.1738e+000 -3.9630e+000 -5.5715e-001
4 +1.686575701e+002 +1.686575701e+002 +1.168657570e+003 +1.168657570e+003 -6.8905e-001 -2.3233e+000 +3.0509e+000
11 +8.086604045e+001 +8.086604045e+001 +1.080866040e+003 +1.080866040e+003 -1.8958e+000 -8.0106e-001 +3.9350e+000
29 +5.096464599e+001 +5.096464599e+001 +1.050964646e+003 +1.050964646e+003 -1.8114e+000 -7.9062e-001 +3.8482e+000
51 +2.847201687e+001 +2.847201687e+001 +1.028472017e+003 +1.028472017e+003 -1.5897e+000 +1.6018e+000 +4.1301e+000
188 +2.185741941e+001 +2.185741941e+001 +1.021857419e+003 +1.021857419e+003 -1.8850e+000 +1.6073e+000 +3.9982e+000
213 +1.537258706e+001 +1.537258706e+001 +1.015372587e+003 +1.015372587e+003 -1.7399e+000 +1.5132e+000 +4.0828e+000
1500 +8.365061561e+000 +8.365061561e+000 +1.008365062e+003 +1.008365062e+003 -1.2771e+000 +2.2505e+000 +5.0330e+000
1530 +5.941684988e+000 +5.941684988e+000 +1.005941685e+003 +1.005941685e+003 -1.3685e+000 +2.2501e+000 +4.9584e+000
