% function evaluation | noise-free fitness - Fopt (1.000000000000e+003) | best noise-free fitness - Fopt | measured fitness | best measured fitness | x1 | x2...
1 +6.391285240e+001 +6.391285240e+001 +1.063912852e+003 +1.063912852e+003 +1.7328e+000 +1.4644e+000
4 +4.828732965e+001 +4.828732965e+001 +1.048287330e+003 +1.048287330e+003 +9.8831e-002 +1.9854e+000
11 +3.219261527e+001 +3.219261527e+001 +1.032192615e+003 +1.032192615e+003 -1.7512e-001 +1.3491e+000
22 +1.876715295e+001 +1.876715295e+001 +1.018767153e+003 +1.018767153e+003 -2.4924e+000 +2.3016e+000
58 +1.500729654e+001 +1.500729654e+001 +1.015007297e+003 +1.015007297e+003 -2.8678e+000 +2.0271e+000
89 +8.666922136e+000 +8.666922136e+000 +1.008666922e+003 +1.008666922e+003 -3.0238e+000 +2.0321e+000
112 +5.577175987e+000 +5.577175987e+000 +1.005577176e+003 +1.005577176e+003 -3.0620e+000 +2.0647e+000
2243 +3.511558436e+000 +3.511558436e+000 +1.003511558e+003 +1.003511558e+003 -2.6357e+000 +2.2688e+000
2245 +2.080614339e+000 +2.080614339e+000 +1.002080614e+003 +1.002080614e+003 -2.6942e+000 +2.3051e+000
