% function evaluation | noise-free fitness - Fopt (-4.620900000000e+002) | best noise-free fitness - Fopt | measured fitness | best measured fitness | x1 | x2...
1 +3.996469406e+002 +3.996469406e+002 -6.244305942e+001 -6.244305942e+001 -2.9710e+000 -1.4111e-001 -3.8877e+000
4 +3.248031303e+002 +3.248031303e+002 -1.372868697e+002 -1.372868697e+002 +3.8252e+000 +1.3642e+000 -7.3469e-001
11 +2.042271249e+002 +2.042271249e+002 -2.578628751e+002 -2.578628751e+002 -1.3226e+000 -4.5453e+000 +1.0854e+000
64 +1.246846605e+002 +1.246846605e+002 -3.374053395e+002 -3.374053395e+002 +2.5195e-001 -3.5063e+000 +2.3001e+000
1363 +6.709316828e+001 +6.709316828e+001 -3.949968317e+002 -3.949968317e+002 -1.4543e+000 +4.3047e+000 +1.2915e+000
1370 +4.334883905e+001 +4.334883905e+001 -4.187411609e+002 -4.187411609e+002 -1.4206e+000 +4.0631e+000 +1.2370e+000
1423 +3.472251816e+001 +3.472251816e+001 -4.273674818e+002 -4.273674818e+002 -1.5969e+000 +4.0988e+000 +1.2673e+000
2659 +7.884829229e+000 +7.884829229e+000 -4.542051708e+002 -4.542051708e+002 +4.5387e-001 +2.2648e+000 +2.2404e+000
2738 +5.590588682e+000 +5.590588682e+000 -4.564994113e+002 -4.564994113e+002 +4.2727e-001 +2.3024e+000 +2.2438e+000
