% function evaluation | noise-free fitness - Fopt (-4.620900000000e+002) | best noise-free fitness - Fopt | measured fitness | best measured fitness | x1 | x2...
1 +5.456865705e+002 +5.456865705e+002 +8.359657048e+001 +8.359657048e+001 +3.7801e+000 -2.3729e+000 -2.9077e+000
2 +2.046057043e+002 +2.046057043e+002 -2.574842957e+002 -2.574842957e+002 +2.0931e+000 +2.0844e+000 -1.7532e+000
26 +1.463005778e+002 +1.463005778e+002 -3.157894222e+002 -3.157894222e+002 +2.9758e+000 +1.7006e+000 -5.8339e-001
27 +7.891670351e+001 +7.891670351e+001 -3.831732965e+002 -3.831732965e+002 +3.0029e+000 +1.6943e+000 +7.2824e-001
58 +5.435991633e+001 +5.435991633e+001 -4.077300837e+002 -4.077300837e+002 +1.3134e+000 +1.3892e+000 +8.3248e-001
90 +3.495425252e+001 +3.495425252e+001 -4.271357475e+002 -4.271357475e+002 +1.2941e+000 +1.6747e+000 +8.3489e-001
175 +1.011378802e+001 +1.011378802e+001 -4.519762120e+002 -4.519762120e+002 +1.3640e+000 +1.8143e+000 +1.5049e+000
183 +9.578071765e+000 +9.578071765e+000 -4.525119282e+002 -4.525119282e+002 +1.3644e+000 +1.8167e+000 +1.5233e+000
198 +6.018771029e+000 +6.018771029e+000 -4.560712290e+002 -4.560712290e+002 +1.3449e+000 +1.7110e+000 +1.5312e+000
