% function evaluation | noise-free fitness - Fopt (-4.620900000000e+002) | best noise-free fitness - Fopt | measured fitness | best measured fitness | x1 | x2...
1 +3.860097642e+002 +3.860097642e+002 -7.608023582e+001 -7.608023582e+001 +3.9961e+000 -1.4968e+000
2 +6.780928121e+001 +6.780928121e+001 -3.942807188e+002 -3.942807188e+002 -4.9301e-001 +4.4498e+000
3 +3.847129829e+001 +3.847129829e+001 -4.236187017e+002 -4.236187017e+002 -1.0160e+000 +2.0763e+000
27 +1.101516535e+001 +1.101516535e+001 -4.510748347e+002 -4.510748347e+002 +6.4296e-001 +1.9937e+000
52 +9.984184912e+000 +9.984184912e+000 -4.521058151e+002 -4.521058151e+002 +5.8368e-001 +2.0133e+000
76 +5.030602915e+000 +5.030602915e+000 -4.570593971e+002 -4.570593971e+002 +3.8194e-001 +1.9947e+000
1157 +3.298353467e+000 +3.298353467e+000 -4.587916465e+002 -4.587916465e+002 +2.2769e+000 +2.2651e+000
1191 +1.155684146e+000 +1.155684146e+000 -4.609343159e+002 -4.609343159e+002 +2.4330e+000 +2.3010e+000
1201 +9.991382496e-001 +9.991382496e-001 -4.610908618e+002 -4.610908618e+002 +2.4349e+000 +2.3014e+000
