% function evaluation | noise-free fitness - Fopt (-1.694000000000e+001) | best noise-free fitness - Fopt | measured fitness | best measured fitness | x1 | x2...
1 +7.533185864e+001 +7.533185864e+001 +5.839185864e+001 +5.839185864e+001 +4.4101e+000 -2.4296e+000 -1.9729e+000
2 +5.118336242e+001 +5.118336242e+001 +3.424336242e+001 +3.424336242e+001 +4.3143e+000 -1.6362e+000 -2.1395e+000
32 +3.759655099e+001 +3.759655099e+001 +2.065655099e+001 +2.065655099e+001 -2.3509e+000 -3.6466e+000 +3.0378e+000
57 +1.404459669e+001 +1.404459669e+001 -2.895403309e+000 -2.895403309e+000 +4.6542e+000 +2.6656e+000 -1.2431e+000
66 +9.849665555e+000 +9.849665555e+000 -7.090334445e+000 -7.090334445e+000 +4.0416e+000 +2.1142e+000 -8.6898e-001
134 +4.970967983e+000 +4.970967983e+000 -1.196903202e+001 -1.196903202e+001 +3.5348e+000 +2.3189e+000 -1.2153e+000
138 +1.376125142e+000 +1.376125142e+000 -1.556387486e+001 -1.556387486e+001 +3.3946e+000 +2.3270e+000 -1.3447e+000
139 +7.367053320e-001 +7.367053320e-001 -1.620329467e+001 -1.620329467e+001 +3.4396e+000 +2.3244e+000 -1.3031e+000
174 +5.913087162e-001 +5.913087162e-001 -1.634869128e+001 -1.634869128e+001 +3.4266e+000 +2.3290e+000 -1.2927e+000
