% function evaluation | noise-free fitness - Fopt (-1.694000000000e+001) | best noise-free fitness - Fopt | measured fitness | best measured fitness | x1 | x2...
1 +1.419311285e+003 +1.419311285e+003 +1.402371285e+003 +1.402371285e+003 -1.6139e-001 -2.1665e-001
2 +2.479582287e+002 +2.479582287e+002 +2.310182287e+002 +2.310182287e+002 +7.4965e-001 +9.3149e-001
4 +1.061982345e+002 +1.061982345e+002 +8.925823447e+001 +8.925823447e+001 +2.6385e+000 +8.1383e-001
5 +2.514989181e+001 +2.514989181e+001 +8.209891809e+000 +8.209891809e+000 +4.3119e+000 +2.4452e+000
1276 +6.340993303e+000 +6.340993303e+000 -1.059900670e+001 -1.059900670e+001 +4.5562e+000 -1.4020e+000
1280 +5.816889733e+000 +5.816889733e+000 -1.112311027e+001 -1.112311027e+001 +4.4312e+000 -1.4282e+000
1299 +1.640083002e-001 +1.640083002e-001 -1.677599170e+001 -1.677599170e+001 +3.6763e+000 +2.4466e+000
1304 +4.498425795e-002 +4.498425795e-002 -1.689501574e+001 -1.689501574e+001 +3.6548e+000 +2.5529e+000
1310 +1.715450512e-002 +1.715450512e-002 -1.692284549e+001 -1.692284549e+001 +3.6561e+000 +2.5463e+000
