% function evaluation | noise-free fitness - Fopt (-1.694000000000e+001) | best noise-free fitness - Fopt | measured fitness | best measured fitness | x1 | x2...
1 +1.209470094e+002 +1.209470094e+002 +1.040070094e+002 +1.040070094e+002 +1.5719e-001 -1.3219e+000 -4.3309e+000
4 +7.247818429e+001 +7.247818429e+001 +5.553818429e+001 +5.553818429e+001 +1.1613e+000 -9.1489e-002 -3.1359e+000
26 +3.499479741e+001 +3.499479741e+001 +1.805479741e+001 +1.805479741e+001 +4.7757e+000 +5.0507e-001 -2.0679e+000
87 +2.448086227e+001 +2.448086227e+001 +7.540862267e+000 +7.540862267e+000 +4.6138e+000 +6.2337e-002 -1.9924e+000
3692 +7.820100599e-001 +7.820100599e-001 -1.615798994e+001 -1.615798994e+001 +3.4972e+000 +2.4394e+000 -1.3767e+000
3699 +4.515437494e-001 +4.515437494e-001 -1.648845625e+001 -1.648845625e+001 +3.4899e+000 +2.3919e+000 -1.3920e+000
3706 +3.960162679e-001 +3.960162679e-001 -1.654398373e+001 -1.654398373e+001 +3.4885e+000 +2.3828e+000 -1.3949e+000
3730 +1.749346765e-001 +1.749346765e-001 -1.676506532e+001 -1.676506532e+001 +3.4882e+000 +2.3783e+000 -1.3795e+000
3733 +1.503137126e-001 +1.503137126e-001 -1.678968629e+001 -1.678968629e+001 +3.4882e+000 +2.3782e+000 -1.3792e+000
