% function evaluation | noise-free fitness - Fopt (-1.694000000000e+001) | best noise-free fitness - Fopt | measured fitness | best measured fitness | x1 | x2...
1 +2.535209721e+002 +2.535209721e+002 +2.365809721e+002 +2.365809721e+002 +1.9342e+000 -2.9528e+000 +1.9819e+000
3 +1.003487546e+002 +1.003487546e+002 +8.340875457e+001 +8.340875457e+001 +4.7779e+000 -2.3105e+000 +3.3247e+000
31 +8.326735518e+001 +8.326735518e+001 +6.632735518e+001 +6.632735518e+001 +2.2747e+000 -3.5718e-001 +3.3323e+000
38 +4.290016308e+001 +4.290016308e+001 +2.596016308e+001 +2.596016308e+001 +1.2406e+000 +2.7795e-001 +3.6070e+000
61 +2.175544109e+001 +2.175544109e+001 +4.815441092e+000 +4.815441092e+000 +3.9726e-001 -1.5957e-001 +1.0131e+000
120 +1.222953536e+001 +1.222953536e+001 -4.710464635e+000 -4.710464635e+000 +6.1088e-001 -8.6687e-003 +1.6340e+000
1435 +2.848612171e+000 +2.848612171e+000 -1.409138783e+001 -1.409138783e+001 +2.4537e+000 +1.3573e+000 -3.6943e-001
1436 +1.807731106e+000 +1.807731106e+000 -1.513226889e+001 -1.513226889e+001 +2.4335e+000 +1.3493e+000 -4.0715e-001
1441 +1.085331336e+000 +1.085331336e+000 -1.585466866e+001 -1.585466866e+001 +2.4201e+000 +1.3441e+000 -4.3216e-001
