% function evaluation | noise-free fitness - Fopt (-1.694000000000e+001) | best noise-free fitness - Fopt | measured fitness | best measured fitness | x1 | x2...
1 +6.824959013e+002 +6.824959013e+002 +6.655559013e+002 +6.655559013e+002 -4.1683e+000 -1.3703e+000 -2.4068e+000
2 +5.189087786e+002 +5.189087786e+002 +5.019687786e+002 +5.019687786e+002 -3.1983e+000 -6.6333e-001 -1.7589e+000
3 +2.218159338e+002 +2.218159338e+002 +2.048759338e+002 +2.048759338e+002 -3.5519e-001 -3.6046e+000 +1.9981e+000
11 +6.373391411e+001 +6.373391411e+001 +4.679391411e+001 +4.679391411e+001 +3.1806e+000 +3.6888e+000 -4.6062e+000
26 +1.466647281e+001 +1.466647281e+001 -2.273527194e+000 -2.273527194e+000 +4.6534e+000 +4.1448e+000 -2.2327e+000
27 +8.377162904e+000 +8.377162904e+000 -8.562837096e+000 -8.562837096e+000 +4.5230e+000 +4.1044e+000 -2.4428e+000
29 +5.130672277e+000 +5.130672277e+000 -1.180932772e+001 -1.180932772e+001 +4.5014e+000 +4.0978e+000 -2.4776e+000
3291 +3.789767872e+000 +3.789767872e+000 -1.315023213e+001 -1.315023213e+001 +3.0433e+000 +1.8942e+000 -8.4876e-001
3354 +2.382878084e+000 +2.382878084e+000 -1.455712192e+001 -1.455712192e+001 +3.1180e+000 +1.9538e+000 -9.1916e-001
