% function evaluation | noise-free fitness - Fopt (1.026100000000e+002) | best noise-free fitness - Fopt | measured fitness | best measured fitness | x1 | x2...
1 +2.885648554e+001 +2.885648554e+001 +1.314664855e+002 +1.314664855e+002 +7.8367e-001 -1.2636e-001
3 +1.911767210e+001 +1.911767210e+001 +1.217276721e+002 +1.217276721e+002 +4.9353e+000 +1.4620e+000
27 +1.161626998e+001 +1.161626998e+001 +1.142262700e+002 +1.142262700e+002 -6.8334e-001 -4.3012e+000
51 +9.300082359e+000 +9.300082359e+000 +1.119100824e+002 +1.119100824e+002 +3.3491e+000 +4.6628e-001
1145 +5.687505132e+000 +5.687505132e+000 +1.082975051e+002 +1.082975051e+002 +1.1468e+000 -1.3589e+000
3250 +3.422974886e+000 +3.422974886e+000 +1.060329749e+002 +1.060329749e+002 -1.3182e+000 +9.2361e-001
3252 +1.846288544e+000 +1.846288544e+000 +1.044562885e+002 +1.044562885e+002 -1.2993e+000 +9.3601e-001
3275 +1.130797819e+000 +1.130797819e+000 +1.037407978e+002 +1.037407978e+002 -1.3248e+000 +9.2410e-001
3300 +4.425105721e-001 +4.425105721e-001 +1.030525106e+002 +1.030525106e+002 -1.3194e+000 +9.3055e-001
