% function evaluation | noise-free fitness - Fopt (-1.694000000000e+001) | best noise-free fitness - Fopt | measured fitness | best measured fitness | x1 | x2...
1 +5.615306332e+001 +5.615306332e+001 +3.921306332e+001 +3.921306332e+001 -5.8984e-002 -4.5462e+000 -4.2678e+000
2 +1.147239119e+001 +1.147239119e+001 -5.467608810e+000 -5.467608810e+000 +3.0321e+000 -2.5438e+000 -2.5716e+000
54 +8.933172912e+000 +8.933172912e+000 -8.006827088e+000 -8.006827088e+000 +1.6670e+000 -1.0277e-001 +3.7739e-002
56 +5.099265332e+000 +5.099265332e+000 -1.184073467e+001 -1.184073467e+001 +1.7978e+000 +4.2844e-001 +1.0382e+000
2559 +3.639084344e+000 +3.639084344e+000 -1.330091566e+001 -1.330091566e+001 +4.2358e+000 +1.5506e+000 -2.1689e+000
2595 +2.230636348e+000 +2.230636348e+000 -1.470936365e+001 -1.470936365e+001 +3.3262e+000 +9.4785e-001 -1.3934e+000
3742 +1.405950109e+000 +1.405950109e+000 -1.553404989e+001 -1.553404989e+001 +2.6793e+000 +1.9548e+000 -8.8818e-001
5023 +8.981275489e-001 +8.981275489e-001 -1.604187245e+001 -1.604187245e+001 +2.9866e+000 +2.0090e+000 -8.7580e-001
5075 +5.802181552e-001 +5.802181552e-001 -1.635978184e+001 -1.635978184e+001 +3.0037e+000 +1.9933e+000 -8.9145e-001
