% function evaluation | noise-free fitness - Fopt (-1.694000000000e+001) | best noise-free fitness - Fopt | measured fitness | best measured fitness | x1 | x2...
1 +8.376359232e+001 +8.376359232e+001 +6.682359232e+001 +6.682359232e+001 +1.4174e+000 -4.0011e+000 +3.2382e+000
2 +6.044609053e+001 +6.044609053e+001 +4.350609053e+001 +4.350609053e+001 -1.4479e+000 +1.0546e+000 -2.2627e-001
4 +1.726590912e+001 +1.726590912e+001 +3.259091184e-001 +3.259091184e-001 +4.9571e+000 +3.6475e+000 +2.3324e+000
26 +1.122510369e+001 +1.122510369e+001 -5.714896313e+000 -5.714896313e+000 +5.1848e+000 +4.9283e+000 -7.6880e-001
50 +9.676225690e+000 +9.676225690e+000 -7.263774310e+000 -7.263774310e+000 +3.2059e+000 +2.2509e+000 -3.9007e+000
51 +1.794577342e+000 +1.794577342e+000 -1.514542266e+001 -1.514542266e+001 +4.1856e+000 +3.5334e+000 -2.3887e+000
56 +1.373829467e+000 +1.373829467e+000 -1.556617053e+001 -1.556617053e+001 +4.2570e+000 +3.6268e+000 -2.2786e+000
83 +2.925719706e-001 +2.925719706e-001 -1.664742803e+001 -1.664742803e+001 +3.7624e+000 +2.5890e+000 -1.6090e+000
94 +2.504640759e-001 +2.504640759e-001 -1.668953592e+001 -1.668953592e+001 +3.6407e+000 +2.3318e+000 -1.4376e+000
