% function evaluation | noise-free fitness - Fopt (-1.694000000000e+001) | best noise-free fitness - Fopt | measured fitness | best measured fitness | x1 | x2...
1 +2.010994371e+002 +2.010994371e+002 +1.841594371e+002 +1.841594371e+002 -1.9217e+000 +1.5793e+000 +1.8493e+000
2 +7.441612358e+001 +7.441612358e+001 +5.747612358e+001 +5.747612358e+001 -2.3541e+000 -3.5908e+000 +6.9920e-001
3 +2.742906742e+001 +2.742906742e+001 +1.048906742e+001 +1.048906742e+001 +3.6157e+000 -3.4293e+000 -4.6287e+000
11 +5.336281047e+000 +5.336281047e+000 -1.160371895e+001 -1.160371895e+001 +6.9573e-001 +2.9109e-001 -3.6432e-001
48 +1.178682060e+000 +1.178682060e+000 -1.576131794e+001 -1.576131794e+001 +3.3443e+000 +2.4045e+000 -1.7184e+000
61 +9.960177995e-001 +9.960177995e-001 -1.594398220e+001 -1.594398220e+001 +3.7014e+000 +2.7222e+000 -1.9238e+000
111 +6.195248520e-001 +6.195248520e-001 -1.632047515e+001 -1.632047515e+001 +3.7721e+000 +2.9408e+000 -1.7743e+000
7148 +2.670433288e-001 +2.670433288e-001 -1.667295667e+001 -1.667295667e+001 +3.4756e+000 +2.5635e+000 -1.4691e+000
7201 +2.138533713e-001 +2.138533713e-001 -1.672614663e+001 -1.672614663e+001 +3.5028e+000 +2.5887e+000 -1.4817e+000
