X
49,957106618650570
24,791596250890148
12,702298894385460
12,309341873079669
37,182259225393040
49,957106618650570
24,791596250890148
12,702298894385460
12,309341873079669
37,182259225393040
30,986927738141596
30,986927738141596
31,133224245865120
31,133224245865120
49,957106618650570
24,791596250890148
12,702298894385460
12,309341873079669
37,182259225393040
30,986927738141596
30,986927738141596
31,133224245865120
31,133224245865120
49,957106618650570
24,791596250890148
12,702298894385460
12,309341873079669
37,182259225393040
30,986927738141596
30,986927738141596
31,133224245865120
31,133224245865120
24,791596250890148
12,309341873079669
37,182259225393040
30,986927738141596
30,986927738141596
31,133224245865120
31,133224245865120
31,060075992003355
31,060075992003355
27,962410248377633
23,962410248377633
24,745800549236353
24,745800549236353
24,791596250890148
12,309341873079669
37,182259225393040
30,986927738141596
30,986927738141596
31,133224245865120
31,133224245865120
31,060075992003355
31,060075992003355
27,962410248377633
12,309341873079669
30,986927738141596
31,133224245865120
31,060075992003355
31,060075992003355
27,962410248377633
20,135876060728652
20,135876060728652
12,309341873079669
30,986927738141596
31,133224245865120
31,060075992003355
31,060075992003355
27,962410248377633
20,135876060728652
20,135876060728652
35,096650118934235
31,096650118934235
29,474668993259613
29,474668993259613
12,309341873079669
30,986927738141596
31,133224245865120
31,060075992003355
31,060075992003355
27,962410248377633
20,135876060728652
20,135876060728652
35,096650118934235
31,096650118934235
30,986927738141596
31,060075992003355
31,060075992003355
20,135876060728652
35,096650118934235
31,096650118934235
30,986927738141596
31,060075992003355
31,060075992003355
20,135876060728652
35,096650118934235
31,096650118934235
30,986927738141596
31,060075992003355
31,060075992003355
20,135876060728652
35,096650118934235
31,096650118934235
30,986927738141596
31,060075992003355
31,060075992003355
20,135876060728652
35,096650118934235
31,096650118934235
30,986927738141596
31,060075992003355
31,060075992003355
20,135876060728652
35,096650118934235
31,096650118934235
30,986927738141596
31,060075992003355
20,135876060728652
35,096650118934235
31,096650118934235
30,986927738141596
20,135876060728652
35,096650118934235
31,096650118934235
33,041788928537910
33,041788928537910
30,986927738141596
35,096650118934235
31,096650118934235
33,041788928537910
33,041788928537910
33,041788928537910
33,041788928537910
35,096650118934235
33,041788928537910
33,041788928537910
33,041788928537910
33,041788928537910
34,069219523736070
34,069219523736070
33,041788928537910
33,041788928537910
35,096650118934235
33,041788928537910
33,041788928537910
33,041788928537910
33,041788928537910
34,069219523736070
34,069219523736070
33,041788928537910
33,041788928537910
35,096650118934235
33,041788928537910
33,041788928537910
33,041788928537910
33,041788928537910
34,069219523736070
34,069219523736070
33,041788928537910
33,041788928537910
35,096650118934235
33,041788928537910
33,041788928537910
33,041788928537910
34,069219523736070
34,069219523736070
33,041788928537910
33,041788928537910
33,041788928537910
33,041788928537910
34,069219523736070
34,069219523736070
35,096650118934235
33,041788928537910
33,041788928537910
33,041788928537910
34,069219523736070
34,069219523736070
33,041788928537910
33,041788928537910
33,041788928537910
33,041788928537910
35,096650118934235
33,041788928537910
34,069219523736070
33,041788928537910
33,041788928537910
33,041788928537910
33,041788928537910
33,041788928537910
34,069219523736070
34,069219523736070
33,555504226136990
33,555504226136990
35,096650118934235
33,041788928537910
34,069219523736070
33,041788928537910
33,041788928537910
33,041788928537910
33,041788928537910
33,041788928537910
34,069219523736070
34,069219523736070
35,096650118934235
34,069219523736070
33,041788928537910
33,041788928537910
33,041788928537910
33,041788928537910
34,069219523736070
34,069219523736070
33,041788928537910
33,041788928537910
34,582934821335160
34,582934821335160
35,096650118934235
34,069219523736070
33,041788928537910
33,041788928537910
33,041788928537910
33,041788928537910
34,069219523736070
34,069219523736070
33,041788928537910
33,041788928537910
35,096650118934235
33,041788928537910
33,041788928537910
33,041788928537910
34,069219523736070
34,069219523736070
33,041788928537910
33,041788928537910
33,041788928537910
33,041788928537910
34,582934821335160
30,582934821335158
35,096650118934235
33,041788928537910
33,041788928537910
33,041788928537910
34,069219523736070
34,069219523736070
33,041788928537910
33,041788928537910
33,041788928537910
33,041788928537910
35,096650118934235
33,041788928537910
34,069219523736070
33,041788928537910
33,041788928537910
33,041788928537910
33,041788928537910
33,041788928537910
33,041788928537910
34,069219523736070
34,069219523736070
33,555504226136990
33,555504226136990
35,096650118934235
33,041788928537910
34,069219523736070
33,041788928537910
33,041788928537910
33,041788928537910
33,041788928537910
33,041788928537910
33,041788928537910
34,069219523736070
35,096650118934235
34,069219523736070
33,041788928537910
33,041788928537910
33,041788928537910
33,041788928537910
33,041788928537910
34,069219523736070
33,555504226136990
33,555504226136990
34,069219523736070
34,069219523736070
35,096650118934235
34,069219523736070
33,041788928537910
33,041788928537910
33,041788928537910
33,041788928537910
33,041788928537910
34,069219523736070
33,555504226136990
33,555504226136990
35,096650118934235
33,041788928537910
33,041788928537910
33,041788928537910
33,041788928537910
34,069219523736070
33,555504226136990
33,555504226136990
34,582934821335160
30,582934821335158
33,555504226136990
33,555504226136990
35,096650118934235
33,041788928537910
33,041788928537910
33,041788928537910
33,041788928537910
34,069219523736070
33,555504226136990
33,555504226136990
34,582934821335160
30,582934821335158
35,096650118934235
33,041788928537910
33,041788928537910
33,555504226136990
33,555504226136990
34,582934821335160
30,582934821335158
32,069219523736070
41,616929869126880
34,326077172535610
34,326077172535610
35,096650118934235
33,041788928537910
33,041788928537910
33,555504226136990
33,555504226136990
34,582934821335160
30,582934821335158
32,069219523736070
41,616929869126880
34,326077172535610
35,096650118934235
33,041788928537910
33,555504226136990
34,582934821335160
30,582934821335158
32,069219523736070
41,616929869126880
34,326077172535610
34,454505996935380
34,454505996935380
32,839792470134700
32,839792470134700
35,096650118934235
33,041788928537910
33,555504226136990
34,582934821335160
30,582934821335158
32,069219523736070
41,616929869126880
34,326077172535610
34,454505996935380
34,454505996935380
35,096650118934235
33,555504226136990
30,582934821335158
41,616929869126880
34,326077172535610
34,454505996935380
34,454505996935380
36,099932345231020
36,099932345231020
35,096650118934235
33,555504226136990
30,582934821335158
41,616929869126880
34,326077172535610
34,454505996935380
34,454505996935380
36,099932345231020
36,099932345231020
33,555504226136990
30,582934821335158
34,326077172535610
34,454505996935380
34,454505996935380
36,099932345231020
36,099932345231020
34,005005111536185
38,005005111536185
34,390291584735490
34,390291584735490
30,582934821335158
34,326077172535610
34,454505996935380
34,454505996935380
36,099932345231020
36,099932345231020
34,005005111536185
38,005005111536185
34,390291584735490
34,390291584735490
34,326077172535610
34,454505996935380
34,454505996935380
36,099932345231020
34,005005111536185
38,005005111536185
34,390291584735490
34,390291584735490
12,567989973206440
34,390291584735490
34,326077172535610
34,454505996935380
34,454505