% function evaluation | noise-free fitness - Fopt (-1.000000000000e+003) | best noise-free fitness - Fopt | measured fitness | best measured fitness | x1 | x2...
1 +7.012202990e+001 +7.012202990e+001 -9.298779701e+002 -9.298779701e+002 +1.2662e+000 -7.4912e-001 +1.3209e-001
2 +2.810874792e+001 +2.810874792e+001 -9.718912521e+002 -9.718912521e+002 -1.3080e+000 +2.5336e+000 -4.3200e+000
24 +2.114735360e+001 +2.114735360e+001 -9.788526464e+002 -9.788526464e+002 -9.4602e-001 +2.1265e+000 +8.7810e-001
49 +1.580342800e+001 +1.580342800e+001 -9.841965720e+002 -9.841965720e+002 +4.5430e-001 -1.1255e+000 -6.7821e-001
76 +9.939797957e+000 +9.939797957e+000 -9.900602020e+002 -9.900602020e+002 +2.3979e-001 -1.0072e+000 -6.9366e-001
103 +5.384787092e+000 +5.384787092e+000 -9.946152129e+002 -9.946152129e+002 +5.7856e-001 -2.0394e-001 -2.1705e+000
127 +2.022490535e+000 +2.022490535e+000 -9.979775095e+002 -9.979775095e+002 -1.7307e-001 +6.5998e-001 -2.1567e+000
159 +1.410512214e+000 +1.410512214e+000 -9.985894878e+002 -9.985894878e+002 +4.7613e-002 +3.0526e-001 -2.1681e+000
160 +8.816051588e-001 +8.816051588e-001 -9.991183948e+002 -9.991183948e+002 +5.0831e-002 +1.4335e-001 -2.1865e+000
