% function evaluation | noise-free fitness - Fopt (-1.000000000000e+003) | best noise-free fitness - Fopt | measured fitness | best measured fitness | x1 | x2...
1 +8.008584133e+001 +8.008584133e+001 -9.199141587e+002 -9.199141587e+002 +1.5050e-001 +1.3675e+000 +4.5424e+000
5 +4.041699658e+001 +4.041699658e+001 -9.595830034e+002 -9.595830034e+002 -1.8819e+000 +2.0227e+000 +4.0595e+000
26 +3.883125220e+001 +3.883125220e+001 -9.611687478e+002 -9.611687478e+002 -9.3812e-001 +2.6728e+000 +3.9726e+000
1192 +2.449910049e+001 +2.449910049e+001 -9.755008995e+002 -9.755008995e+002 +6.1672e+000 -3.4985e+000 -4.3298e-001
1198 +1.265618142e+001 +1.265618142e+001 -9.873438186e+002 -9.873438186e+002 +5.7064e+000 -3.4643e+000 -5.1851e-001
1241 +9.100577336e+000 +9.100577336e+000 -9.908994227e+002 -9.908994227e+002 +4.5681e+000 -3.7157e+000 -3.7094e+000
1325 +4.540593940e+000 +4.540593940e+000 -9.954594061e+002 -9.954594061e+002 +4.0377e+000 -3.7839e+000 -3.0456e+000
1346 +3.080928632e+000 +3.080928632e+000 -9.969190714e+002 -9.969190714e+002 +4.4223e+000 -3.3278e+000 -3.3041e+000
2487 +2.246692453e+000 +2.246692453e+000 -9.977533075e+002 -9.977533075e+002 -3.1850e+000 -1.9023e+000 +7.2394e-001
2519 +1.228174237e+000 +1.228174237e+000 -9.987718258e+002 -9.987718258e+002 -2.0789e+000 -1.7295e+000 +1.0509e+000
2520 +5.359435125e-001 +5.359435125e-001 -9.994640565e+002 -9.994640565e+002 -1.6647e+000 -1.3812e+000 +1.2633e+000
2521 +2.470080535e-001 +2.470080535e-001 -9.997529919e+002 -9.997529919e+002 -1.0658e+000 -8.7751e-001 +1.5702e+000
2522 +4.748607173e-002 +4.748607173e-002 -9.999525139e+002 -9.999525139e+002 -9.6883e-002 -6.2570e-002 +2.0669e+000
2524 +3.658709255e-002 +3.658709255e-002 -9.999634129e+002 -9.999634129e+002 +1.6271e-001 +1.5576e-001 +2.2000e+000
2552 +2.262715537e-002 +2.262715537e-002 -9.999773728e+002 -9.999773728e+002 +4.4486e-001 +3.6072e-001 +2.3318e+000
2553 +1.443491380e-002 +1.443491380e-002 -9.999855651e+002 -9.999855651e+002 +5.1840e-001 +3.7023e-001 +2.3487e+000
2556 +5.429085129e-003 +5.429085129e-003 -9.999945709e+002 -9.999945709e+002 +6.1526e-001 +3.8276e-001 +2.3710e+000
2557 +3.379390036e-003 +3.379390036e-003 -9.999966206e+002 -9.999966206e+002 +6.9361e-001 +3.9289e-001 +2.3891e+000
2559 +7.860291216e-004 +7.860291216e-004 -9.999992140e+002 -9.999992140e+002 +8.2039e-001 +4.0929e-001 +2.4183e+000
2562 +2.475859033e-004 +2.475859033e-004 -9.999997524e+002 -9.999997524e+002 +9.3668e-001 +4.2433e-001 +2.4450e+000
2593 +1.571997916e-004 +1.571997916e-004 -9.999998428e+002 -9.999998428e+002 +1.5464e+000 +9.1836e-001 +2.7499e+000
2594 +1.602010684e-006 +1.602010684e-006 -9.999999984e+002 -9.999999984e+002 +1.2760e+000 +6.9206e-001 +2.6118e+000
2628 +1.575343390e-006 +1.575343390e-006 -9.999999984e+002 -9.999999984e+002 +1.2733e+000 +6.8938e-001 +2.6103e+000
2633 +8.470419743e-007 +8.470419743e-007 -9.999999992e+002 -9.999999992e+002 +1.2803e+000 +6.9024e-001 +2.6118e+000
2634 +5.017318472e-007 +5.017318472e-007 -9.999999995e+002 -9.999999995e+002 +1.2850e+000 +6.9082e-001 +2.6129e+000
2635 +3.852682084e-007 +3.852682084e-007 -9.999999996e+002 -9.999999996e+002 +1.2880e+000 +6.9119e-001 +2.6136e+000
2636 +2.162082637e-007 +2.162082637e-007 -9.999999998e+002 -9.999999998e+002 +1.2929e+000 +6.9179e-001 +2.6147e+000
2637 +1.301521024e-008 +1.301521024e-008 -1.000000000e+003 -1.000000000e+003 +1.3249e+000 +6.9571e-001 +2.6220e+000
2680 +9.049131222e-009 +9.049131222e-009 -1.000000000e+003 -1.000000000e+003 +1.3214e+000 +6.9700e-001 +2.6219e+000
2681 +6.036657396e-009 +6.036657396e-009 -1.000000000e+003 -1.000000000e+003 +1.3231e+000 +6.9831e-001 +2.6227e+000
2682 +3.356490197e-009 +3.356490197e-009 -1.000000000e+003 -1.000000000e+003 +1.3258e+000 +7.0043e-001 +2.6240e+000
2684 +2.238266461e-009 +2.238266461e-009 -1.000000000e+003 -1.000000000e+003 +1.3293e+000 +7.0315e-001 +2.6257e+000
2685 +9.516725186e-010 +9.516725186e-010 -1.000000000e+003 -1.000000000e+003 +1.3328e+000 +7.0586e-001 +2.6274e+000
2686 +2.280557965e-010 +2.280557965e-010 -1.000000000e+003 -1.000000000e+003 +1.3385e+000 +7.1024e-001 +2.6302e+000
2688 +9.208633855e-012 +9.208633855e-012 -1.000000000e+003 -1.000000000e+003 +1.3476e+000 +7.1734e-001 +2.6346e+000
2774 +6.252776075e-012 +6.252776075e-012 -1.000000000e+003 -1.000000000e+003 +1.3478e+000 +7.1744e-001 +2.6347e+000
2782 +3.979039320e-012 +3.979039320e-012 -1.000000000e+003 -1.000000000e+003 +1.3488e+000 +7.1753e-001 +2.6349e+000
5582 +1.364242053e-012 +1.364242053e-012 -1.000000000e+003 -1.000000000e+003 +1.3459e+000 +7.1612e-001 +2.6336e+000
5583 +6.821210263e-013 +6.821210263e-013 -1.000000000e+003 -1.000000000e+003 +1.3464e+000 +7.1642e-001 +2.6338e+000
5584 +2.273736754e-013 +2.273736754e-013 -1.000000000e+003 -1.000000000e+003 +1.3472e+000 +7.1691e-001 +2.6341e+000
5626 +0.000000000e+000 +0.000000000e+000 -1.000000000e+003 -1.000000000e+003 +1.3488e+000 +7.1800e-001 +2.6348e+000
