% function evaluation | noise-free fitness - Fopt (7.135000000000e+001) | best noise-free fitness - Fopt | measured fitness | best measured fitness | x1 | x2...
1 +1.166788202e+002 +1.166788202e+002 +1.880288202e+002 +1.880288202e+002 +4.7897e+000 +3.9043e+000 -3.7020e+000
2 +5.538442956e+001 +5.538442956e+001 +1.267344296e+002 +1.267344296e+002 +1.8964e+000 -3.7014e+000 +6.5998e-001
25 +2.627785420e+001 +2.627785420e+001 +9.762785420e+001 +9.762785420e+001 -5.0879e+000 +2.3007e+000 -5.4798e+000
35 +2.384648485e+001 +2.384648485e+001 +9.519648485e+001 +9.519648485e+001 -4.9233e+000 +2.2866e+000 -5.0695e+000
78 +1.363585526e+001 +1.363585526e+001 +8.498585526e+001 +8.498585526e+001 -4.8629e+000 +2.5969e+000 -5.2290e+000
170 +9.999294839e+000 +9.999294839e+000 +8.134929484e+001 +8.134929484e+001 -4.8671e+000 +2.5807e+000 -5.2232e+000
1065 +4.095053626e+000 +4.095053626e+000 +7.544505363e+001 +7.544505363e+001 -2.2978e+000 +3.8966e-001 -4.9190e-001
1072 +2.252915174e+000 +2.252915174e+000 +7.360291517e+001 +7.360291517e+001 -2.3398e+000 +4.2432e-001 -4.0196e-001
4944 +1.071244394e+000 +1.071244394e+000 +7.242124439e+001 +7.242124439e+001 +1.5010e+000 -1.6354e+000 -8.4363e-001
