% function evaluation | noise-free fitness - Fopt (7.135000000000e+001) | best noise-free fitness - Fopt | measured fitness | best measured fitness | x1 | x2...
1 +2.048238391e+002 +2.048238391e+002 +2.761738391e+002 +2.761738391e+002 +3.9863e+000 -3.7528e+000
2 +7.422229753e+001 +7.422229753e+001 +1.455722975e+002 +1.455722975e+002 +1.4851e+000 -4.5966e+000
11 +4.329597568e+001 +4.329597568e+001 +1.146459757e+002 +1.146459757e+002 -1.2330e+000 +8.0619e-001
22 +1.907186147e+001 +1.907186147e+001 +9.042186147e+001 +9.042186147e+001 -1.4410e+000 -1.1537e+000
30 +1.094748936e+001 +1.094748936e+001 +8.229748936e+001 +8.229748936e+001 -1.4430e+000 -1.1729e+000
33 +9.784671708e+000 +9.784671708e+000 +8.113467171e+001 +8.113467171e+001 -1.4427e+000 -1.1694e+000
302 +3.443573059e+000 +3.443573059e+000 +7.479357306e+001 +7.479357306e+001 +1.9236e-001 +4.2066e+000
395 +2.167111678e+000 +2.167111678e+000 +7.351711168e+001 +7.351711168e+001 +2.0623e-001 +4.1893e+000
401 +1.452308003e+000 +1.452308003e+000 +7.280230800e+001 +7.280230800e+001 +2.0416e-001 +4.1942e+000
