% function evaluation | noise-free fitness - Fopt (7.135000000000e+001) | best noise-free fitness - Fopt | measured fitness | best measured fitness | x1 | x2...
1 +1.961677899e+002 +1.961677899e+002 +2.675177899e+002 +2.675177899e+002 -4.4226e+000 -1.5725e+000 +2.7384e+000
2 +4.332671434e+001 +4.332671434e+001 +1.146767143e+002 +1.146767143e+002 +4.9268e+000 -1.6503e+000 -2.6131e+000
26 +3.571579786e+001 +3.571579786e+001 +1.070657979e+002 +1.070657979e+002 -4.5279e+000 +2.1704e+000 +2.9264e+000
27 +3.447845064e+000 +3.447845064e+000 +7.479784506e+001 +7.479784506e+001 -4.5751e+000 +3.8488e+000 +3.0107e+000
34 +1.570485664e+000 +1.570485664e+000 +7.292048566e+001 +7.292048566e+001 -4.5763e+000 +3.8893e+000 +3.0128e+000
72 +5.269670352e-001 +5.269670352e-001 +7.187696704e+001 +7.187696704e+001 -4.5886e+000 +3.9073e+000 +2.9505e+000
76 +3.270377999e-001 +3.270377999e-001 +7.167703780e+001 +7.167703780e+001 -4.5978e+000 +3.9109e+000 +2.9021e+000
79 +1.692177107e-001 +1.692177107e-001 +7.151921771e+001 +7.151921771e+001 -4.6021e+000 +3.9126e+000 +2.8793e+000
83 +1.575294714e-001 +1.575294714e-001 +7.150752947e+001 +7.150752947e+001 -4.6024e+000 +3.9127e+000 +2.8775e+000
