% function evaluation | noise-free fitness - Fopt (7.135000000000e+001) | best noise-free fitness - Fopt | measured fitness | best measured fitness | x1 | x2...
1 +1.525335916e+002 +1.525335916e+002 +2.238835916e+002 +2.238835916e+002 +3.0871e+000 +7.2119e-001 -2.3653e+000
3 +5.863741280e+001 +5.863741280e+001 +1.299874128e+002 +1.299874128e+002 -1.5987e-001 +2.7390e+000 -1.8354e+000
5 +3.654231371e+001 +3.654231371e+001 +1.078923137e+002 +1.078923137e+002 +1.7184e-001 +7.7213e-001 -2.3393e+000
25 +1.859950841e+001 +1.859950841e+001 +8.994950841e+001 +8.994950841e+001 -4.0903e-001 +2.1076e+000 -5.7329e+000
36 +1.580454920e+001 +1.580454920e+001 +8.715454920e+001 +8.715454920e+001 -4.0097e-001 +2.1359e+000 -5.7383e+000
162 +9.153972949e+000 +9.153972949e+000 +8.050397295e+001 +8.050397295e+001 -4.6554e-001 +2.1071e+000 -6.0119e+000
4224 +5.436944536e+000 +5.436944536e+000 +7.678694454e+001 +7.678694454e+001 -3.3614e+000 -2.3609e+000 -3.8519e+000
4225 +3.127180541e+000 +3.127180541e+000 +7.447718054e+001 +7.447718054e+001 -3.4296e+000 -2.3072e+000 -3.6848e+000
4274 +2.463729726e+000 +2.463729726e+000 +7.381372973e+001 +7.381372973e+001 -3.4402e+000 -2.2989e+000 -3.6589e+000
