% function evaluation | noise-free fitness - Fopt (7.135000000000e+001) | best noise-free fitness - Fopt | measured fitness | best measured fitness | x1 | x2...
1 +2.833312719e+001 +2.833312719e+001 +9.968312719e+001 +9.968312719e+001 -4.7714e+000 -3.1331e+000
3 +1.205602148e+001 +1.205602148e+001 +8.340602148e+001 +8.340602148e+001 +6.9340e-001 +8.6411e-001
22 +8.298724261e+000 +8.298724261e+000 +7.964872426e+001 +7.964872426e+001 +6.0764e-001 -1.1671e+000
31 +6.018893785e+000 +6.018893785e+000 +7.736889378e+001 +7.736889378e+001 +6.0762e-001 -1.1608e+000
36 +3.803163331e+000 +3.803163331e+000 +7.515316333e+001 +7.515316333e+001 +6.0760e-001 -1.1556e+000
931 +7.289177570e-001 +7.289177570e-001 +7.207891776e+001 +7.207891776e+001 +8.0150e-001 +5.2218e+000
932 +6.131694895e-001 +6.131694895e-001 +7.196316949e+001 +7.196316949e+001 +8.0191e-001 +5.2252e+000
3187 +3.572351781e-001 +3.572351781e-001 +7.170723518e+001 +7.170723518e+001 +2.1785e+000 -5.1655e+000
3536 +2.384279601e-001 +2.384279601e-001 +7.158842796e+001 +7.158842796e+001 +2.1535e+000 -5.1878e+000
