% function evaluation | noise-free fitness - Fopt (7.135000000000e+001) | best noise-free fitness - Fopt | measured fitness | best measured fitness | x1 | x2...
1 +2.074449760e+002 +2.074449760e+002 +2.787949760e+002 +2.787949760e+002 -1.7914e+000 +4.7423e+000
2 +1.438223319e+001 +1.438223319e+001 +8.573223319e+001 +8.573223319e+001 +1.8338e+000 -3.9341e+000
3 +6.976160322e+000 +6.976160322e+000 +7.832616032e+001 +7.832616032e+001 +4.9657e+000 -9.2434e-002
1744 +5.433917591e+000 +5.433917591e+000 +7.678391759e+001 +7.678391759e+001 +2.0161e+000 -2.0559e+000
1748 +5.660379909e-001 +5.660379909e-001 +7.191603799e+001 +7.191603799e+001 +2.1323e+000 -2.1343e+000
1794 +3.729816220e-001 +3.729816220e-001 +7.172298162e+001 +7.172298162e+001 +2.1317e+000 -2.1371e+000
1902 +2.196697511e-001 +2.196697511e-001 +7.156966975e+001 +7.156966975e+001 +1.9270e+000 -2.1503e+000
4107 +4.384376145e-002 +4.384376145e-002 +7.139384376e+001 +7.139384376e+001 +1.7055e+000 -1.7579e-001
4175 +3.779895202e-002 +3.779895202e-002 +7.138779895e+001 +7.138779895e+001 +1.7054e+000 -1.7532e-001
