% function evaluation | noise-free fitness - Fopt (3.590000000000e+001) | best noise-free fitness - Fopt | measured fitness | best measured fitness | x1 | x2...
1 +4.561426184e+005 +4.561426184e+005 +4.561785184e+005 +4.561785184e+005 +1.9585e-001 +3.0149e+000 +2.6038e+000 -4.4118e+000 +3.7239e+000 -4.4889e+000 -6.2008e-001 -5.2549e-001 -2.1494e+000 -3.9258e+000
3 +3.266311555e+005 +3.266311555e+005 +3.266670555e+005 +3.266670555e+005 +9.7231e-002 -3.5936e+000 +2.1099e+000 +2.9212e+000 +1.2730e+000 +7.4607e-001 -1.5425e+000 -9.2620e-001 -5.5134e-001 +3.0667e+000
7 +8.430724032e+004 +8.430724032e+004 +8.434314032e+004 +8.434314032e+004 +8.0547e-001 +6.4969e-001 +3.5442e+000 +1.5767e-002 +5.2271e-001 -1.6504e+000 +1.5032e-001 +3.4069e+000 -8.3299e-001 +2.3247e+000
8 +7.187918342e+003 +7.187918342e+003 +7.223818342e+003 +7.223818342e+003 +1.8569e+000 +4.7687e+000 +8.0819e-001 +3.1580e+000 +9.8905e-001 -3.3453e+000 -3.2576e+000 +1.0758e+000 -2.1258e+000 +4.4588e+000
88 +3.653779738e+003 +3.653779738e+003 +3.689679738e+003 +3.689679738e+003 +1.8569e+000 +4.7687e+000 +8.0819e-001 +3.1580e+000 +9.8905e-001 -3.3453e+000 -3.2576e+000 +1.0758e+000 -2.1258e+000 +3.1583e+000
107 +9.201740359e+002 +9.201740359e+002 +9.560740359e+002 +9.560740359e+002 +8.0547e-001 +6.4969e-001 +3.5442e+000 +1.5767e-002 +5.2271e-001 -1.6504e+000 -3.2576e+000 +1.0758e+000 -2.1258e+000 +4.4588e+000
198 +1.820544922e+002 +1.820544922e+002 +2.179544922e+002 +2.179544922e+002 +1.8569e+000 +4.7687e+000 +3.5442e+000 +1.5767e-002 +5.2271e-001 -1.6504e+000 -3.2576e+000 +1.0758e+000 -2.1258e+000 +4.4588e+000
291 +1.111711441e+002 +1.111711441e+002 +1.470711441e+002 +1.470711441e+002 +1.8569e+000 +3.2951e+000 +3.5442e+000 +1.5767e-002 +5.2271e-001 -1.6504e+000 -3.2576e+000 +1.0758e+000 -2.1258e+000 +1.6556e+000
410 +8.112741262e+001 +8.112741262e+001 +1.170274126e+002 +1.170274126e+002 +1.8569e+000 +3.2951e+000 +3.5442e+000 +6.2046e-001 +5.2271e-001 -1.6504e+000 -3.2576e+000 -1.6792e-001 -2.1258e+000 +1.6556e+000
