% function evaluation | noise-free fitness - Fopt (3.590000000000e+001) | best noise-free fitness - Fopt | measured fitness | best measured fitness | x1 | x2...
1 +2.086154148e+006 +2.086154148e+006 +2.086190048e+006 +2.086190048e+006 +8.3534e-001 -2.7441e-001 +4.8518e+000 -4.8441e+000 +2.3410e+000 +2.1593e+000 -4.8632e-001 +3.7515e+000 +3.5168e+000 -1.6453e+000 +3.9674e+000 -2.5763e+000 +3.2507e+000 +2.9361e+000 +2.8660e+000 +3.1167e+000 +2.2129e+000 +2.7347e+000 +3.2683e+000 +1.5824e+000
3 +1.092924790e+006 +1.092924790e+006 +1.092960690e+006 +1.092960690e+006 +4.8698e+000 -8.0844e-001 -4.9524e+000 -4.3117e+000 -4.1292e+000 +1.0585e+000 +1.9841e+000 +2.4378e+000 -4.9967e+000 -3.3865e+000 -1.3522e+000 +1.6489e+000 +4.2468e+000 -1.8582e+000 +3.0502e+000 +3.3411e-002 +3.5340e+000 -6.0583e-001 -1.4237e-001 -2.5900e+000
4 +7.085070086e+005 +7.085070086e+005 +7.085429086e+005 +7.085429086e+005 +1.6700e+000 +2.0805e+000 +3.3839e-001 -3.2033e+000 +1.7963e+000 +2.6312e+000 +4.2497e+000 -3.8609e+000 -4.9461e+000 -3.5311e+000 +2.5153e+000 -4.9120e+000 -4.7549e+000 -3.3819e+000 +2.3154e+000 -3.9333e+000 -4.9670e+000 +4.6722e+000 -2.7545e+000 +1.8135e+000
149 +3.304373022e+005 +3.304373022e+005 +3.304732022e+005 +3.304732022e+005 +3.4858e+000 +2.2543e+000 +8.3078e+000 +1.0190e+000 -2.7965e-002 -2.0065e+000 -2.6297e+000 -3.0736e+000 +4.2443e+000 +9.6327e-002 -2.4292e+000 -1.4836e+000 -3.9094e+000 -1.5037e+000 -3.9359e+000 -3.5501e+000 +1.7236e+000 +7.4718e+000 -5.6909e-001 -3.4311e+000
153 +2.295033010e+005 +2.295033010e+005 +2.295392010e+005 +2.295392010e+005 +2.1173e+000 +3.7335e+000 +5.7660e+000 +5.9701e-001 +1.1425e+000 -1.2747e-001 -2.6137e+000 -2.6248e+000 +2.7475e+000 +3.1789e-001 -2.2880e+000 +1.8763e+000 -3.5404e+000 +9.0155e-002 -3.2264e+000 -2.3759e+000 +5.2177e-001 +6.5062e+000 -3.3890e+000 -1.2662e+000
218 +1.148322648e+005 +1.148322648e+005 +1.148681648e+005 +1.148681648e+005 +2.7425e+000 -4.2538e-001 +1.0136e+001 +3.5690e+000 -3.2670e+000 -7.2037e+000 -2.1939e+000 -3.8107e+000 +4.4924e+000 -2.8491e+000 -4.4393e+000 -6.7798e+000 -4.9501e+000 -3.1726e+000 -5.1617e+000 -5.4222e+000 +2.4930e+000 +9.3908e+000 +2.2211e+000 -6.6416e+000
284 +7.933598648e+004 +7.933598648e+004 +7.937188648e+004 +7.937188648e+004 +2.7106e+000 -1.3108e+000 +1.1213e+001 +4.1852e+000 -4.2704e+000 -8.6785e+000 -2.0959e+000 -4.2049e+000 +5.1102e+000 -3.6197e+000 -4.7165e+000 -8.3840e+000 -5.0452e+000 -4.0370e+000 -5.3712e+000 -6.3553e+000 +2.6990e+000 +1.0160e+001 +3.4345e+000 -7.6326e+000
287 +6.135658352e+004 +6.135658352e+004 +6.139248352e+004 +6.139248352e+004 +2.0966e+000 -1.9784e+000 +1.2417e+001 +4.6404e+000 -5.2542e+000 -9.7338e+000 -1.9843e+000 -4.9420e+000 +6.2853e+000 -4.5606e+000 -4.4036e+000 -8.8307e+000 -4.4868e+000 -5.1887e+000 -4.8968e+000 -7.9393e+000 +2.1554e+000 +1.1228e+001 +4.3533e+000 -7.8845e+000
352 +3.337193228e+004 +3.337193228e+004 +3.340783228e+004 +3.340783228e+004 -3.5862e-001 -1.3004e+000 +1.6136e+001 +6.9052e+000 -6.3507e+000 -1.0632e+001 -1.3535e+000 -6.8787e+000 +7.2066e+000 -6.3485e+000 -2.4161e+000 -1.0384e+001 -7.0101e-001 -5.9187e+000 -4.4554e+000 -7.1611e+000 -1.3199e+000 +1.6638e+001 +7.9043e+000 -1.0903e+001
353 +2.015243664e+004 +2.015243664e+004 +2.018833664e+004 +2.018833664e+004 +3.3790e-001 -1.4222e+000 +1.5058e+001 +6.2721e+000 -5.9799e+000 -1.0307e+001 -1.5286e+000 -6.3080e+000 +6.8657e+000 -5.7997e+000 -2.9644e+000 -9.9387e+000 -1.7423e+000 -5.6300e+000 -4.6113e+000 -7.2321e+000 -3.6145e-001 +1.5127e+001 +6.8943e+000 -1.0089e+001
413 +2.830533061e+003 +2.830533061e+003 +2.866433061e+003 +2.866433061e+003 +6.1072e-001 -9.4073e-001 +1.4476e+001 +5.7028e+000 -5.7438e+000 -1.0145e+001 -1.2395e+000 -6.1060e+000 +6.8183e+000 -6.3457e+000 -2.5741e+000 -1.0335e+001 -2.0020e+000 -5.6654e+000 -4.9942e+000 -7.3409e+000 -1.3346e-001 +1.4332e+001 +6.5623e+000 -9.6712e+000
414 +1.108363119e+003 +1.108363119e+003 +1.144263119e+003 +1.144263119e+003 +1.5500e-001 +1.7757e-001 +1.4870e+001 +5.4863e+000 -5.8081e+000 -1.0290e+001 -4.2288e-001 -6.5217e+000 +7.2105e+000 -8.1981e+000 -1.0278e+000 -1.1748e+001 -1.0299e+000 -6.1458e+000 -5.5239e+000 -7.4537e+000 -1.0499e+000 +1.4920e+001 +7.3480e+000 -1.0009e+001
787 +8.535301771e+002 +8.535301771e+002 +8.894301771e+002 +8.894301771e+002 +7.0354e+000 +1.5250e+000 -1.8644e-001 +3.3962e+000 -1.7962e+000 -1.8755e-001 +7.1502e+000 -1.4127e+000 +3.6036e+000 -4.1123e+000 -3.7569e+000 -5.1423e-001 +5.6326e-001 -1.5855e+000 +4.7890e+000 -3.0259e+000 +8.3676e+000 +1.5740e+001 -4.2936e+000 -2.1229e+000
1650 +6.135924895e+002 +6.135924895e+002 +6.494924895e+002 +6.494924895e+002 +6.2618e+000 +2.9735e+000 +1.8862e+000 +3.6681e+000 -1.7292e+000 -4.6476e+000 +2.4727e+000 -5.1129e+000 +1.6996e+000 -3.9009e+000 -3.4042e+000 +1.0503e+000 +3.5712e+000 -2.0453e+000 +7.3166e-001 -5.9721e+000 +3.8830e+000 +9.5469e+000 -2.3516e+000 -1.7344e+000
1651 +3.842991286e+002 +3.842991286e+002 +4.201991286e+002 +4.201991286e+002 +6.1798e+000 +2.7884e+000 +1.6489e+000 +3.4961e+000 -1.7570e+000 -4.2371e+000 +2.5623e+000 -5.1958e+000 +1.7278e+000 -3.5595e+000 -3.2520e+000 +1.2360e+000 +3.5417e+000 -1.9324e+000 +6.5976e-001 -6.0289e+000 +3.7420e+000 +9.5208e+000 -2.3448e+000 -1.7315e+000
2603 +2.468968957e+002 +2.468968957e+002 +2.827968957e+002 +2.827968957e+002 -2.1987e-001 +5.4394e+000 +4.5674e+000 +4.8388e+000 -5.0340e+000 -6.7481e+000 -2.6487e+000 -8.4054e+000 -3.6421e+000 -2.2343e+000 -3.0868e+000 -8.8429e-001 +1.4318e+000 -6.7054e+000 +4.1663e+000 -3.9656e+000 -1.6221e+000 +7.3629e+000 +5.7931e-001 -2.0815e+000
