% function evaluation | noise-free fitness - Fopt (1.238300000000e+002) | best noise-free fitness - Fopt | measured fitness | best measured fitness | x1 | x2...
1 +3.680715632e+003 +3.680715632e+003 +3.804545632e+003 +3.804545632e+003 +8.3234e-002 -3.5938e+000
29 +4.740233892e+001 +4.740233892e+001 +1.712323389e+002 +1.712323389e+002 +7.5391e+000 +3.4119e+000
32 +1.490039787e+001 +1.490039787e+001 +1.387303979e+002 +1.387303979e+002 +7.5860e+000 +3.3292e+000
118 +8.869549393e+000 +8.869549393e+000 +1.326995494e+002 +1.326995494e+002 +4.1255e+000 +8.2985e-001
185 +2.635024766e+000 +2.635024766e+000 +1.264650248e+002 +1.264650248e+002 +2.1218e+000 +5.0619e+000
186 +1.903502861e+000 +1.903502861e+000 +1.257335029e+002 +1.257335029e+002 +2.1024e+000 +5.0670e+000
219 +1.513366960e+000 +1.513366960e+000 +1.253433670e+002 +1.253433670e+002 +1.6748e+000 +4.3425e+000
262 +9.348717546e-001 +9.348717546e-001 +1.247648718e+002 +1.247648718e+002 +1.1961e+000 +3.4648e+000
265 +2.734308711e-001 +2.734308711e-001 +1.241034309e+002 +1.241034309e+002 +4.5949e-001 +1.9999e+000
