% function evaluation | noise-free fitness - Fopt (-2.098800000000e+002) | best noise-free fitness - Fopt | measured fitness | best measured fitness | x1 | x2...
1 +4.919592737e+006 +4.919592737e+006 +4.919382857e+006 +4.919382857e+006 -3.9667e+000 +3.6622e+000 -4.9549e+000 +4.3606e+000 -1.5285e+000 +8.3977e-001 +4.4319e+000 -1.4251e+000 +1.8815e+000 -3.5410e+000 -1.1279e+000 -2.8018e+000 +5.5480e-001 -9.2392e-001 -4.5663e+000 +1.9952e+000 +7.6027e-001 +3.2725e+000 -1.1624e+000 +1.4583e+000
74 +3.110611478e+006 +3.110611478e+006 +3.110401598e+006 +3.110401598e+006 +3.2275e+000 +3.6461e+000 +5.6548e-001 +3.8676e+000 -2.7223e+000 +9.5439e-001 -5.4378e-001 +3.5225e+000 +9.8805e-001 +1.8405e+000 -2.3759e+000 -2.1096e+000 -3.8557e+000 -3.9263e+000 -2.6969e+000 -2.9022e+000 +1.2941e+000 +3.6065e+000 -2.2323e+000 +2.4567e+000
137 +1.969829423e+006 +1.969829423e+006 +1.969619543e+006 +1.969619543e+006 +3.2275e+000 +3.6461e+000 +5.6551e-001 +3.8676e+000 -2.7221e+000 +9.5449e-001 -5.4336e-001 +3.5213e+000 +9.8596e-001 +1.8414e+000 -2.3665e+000 -2.0883e+000 -3.7560e+000 -3.8749e+000 -2.6145e+000 -3.0004e+000 +4.2035e-001 +3.2286e+000 -2.6969e+000 +1.6357e+000
194 +1.020468594e+006 +1.020468594e+006 +1.020258714e+006 +1.020258714e+006 +3.2275e+000 +3.6460e+000 +5.6566e-001 +3.8675e+000 -2.7213e+000 +9.5507e-001 -5.4076e-001 +3.5138e+000 +9.7290e-001 +1.8471e+000 -2.3083e+000 -1.9556e+000 -3.1481e+000 -3.5640e+000 -2.1243e+000 -3.3055e+000 -4.4213e+000 +2.0623e+000 -1.8826e+000 +1.8349e+000
195 +5.855488603e+005 +5.855488603e+005 +5.853389803e+005 +5.853389803e+005 +3.2275e+000 +3.6460e+000 +5.6561e-001 +3.8675e+000 -2.7216e+000 +9.5488e-001 -5.4163e-001 +3.5163e+000 +9.7730e-001 +1.8452e+000 -2.3279e+000 -2.0002e+000 -3.3526e+000 -3.6685e+000 -2.2891e+000 -3.2039e+000 -2.7948e+000 +2.4509e+000 -2.1709e+000 +1.7529e+000
318 +3.489808730e+005 +3.489808730e+005 +3.487709930e+005 +3.487709930e+005 +3.2272e+000 +3.6456e+000 +5.6657e-001 +3.8673e+000 -2.7165e+000 +9.5857e-001 -5.2533e-001 +3.4693e+000 +8.9560e-001 +1.8799e+000 -1.9730e+000 -1.1911e+000 -3.5247e-001 -2.2245e+000 -1.2967e+000 -4.7646e+000 -2.8808e+000 +2.5437e+000 -2.0734e+000 +1.7800e+000
377 +1.606472467e+005 +1.606472467e+005 +1.604373667e+005 +1.604373667e+005 +3.2269e+000 +3.6451e+000 +5.6776e-001 +3.8670e+000 -2.7102e+000 +9.6314e-001 -5.0527e-001 +3.4117e+000 +7.9591e-001 +1.9210e+000 -1.5590e+000 -2.8727e-001 +2.6219e+000 -5.3717e-001 -7.7415e-001 -3.5370e+000 -2.8099e+000 +2.7245e+000 -2.1524e+000 +1.7294e+000
434 +1.472239871e+005 +1.472239871e+005 +1.470141071e+005 +1.470141071e+005 +3.2269e+000 +3.6450e+000 +5.6811e-001 +3.8669e+000 -2.7083e+000 +9.6450e-001 -4.9942e-001 +3.3954e+000 +7.6970e-001 +1.9312e+000 -1.4694e+000 -1.3790e-001 +3.0312e+000 -7.4661e-001 -9.0165e-001 -3.4720e+000 -2.8153e+000 +2.7359e+000 -2.1557e+000 +1.7262e+000
1144 +9.900116810e+004 +9.900116810e+004 +9.879128810e+004 +9.879128810e+004 +6.4175e-001 -2.7151e+000 +1.6331e+000 -3.7100e-001 +3.4450e+000 -3.0651e+000 -2.3306e+000 +1.5919e+000 -3.2399e+000 -2.1267e+000 -2.8693e-001 +1.5407e+000 +3.9046e+000 -4.6543e-001 -1.7866e+000 -3.8915e+000 -2.4867e+000 +2.8442e+000 -2.4302e+000 +1.8294e+000
