% function evaluation | noise-free fitness - Fopt (-2.098800000000e+002) | best noise-free fitness - Fopt | measured fitness | best measured fitness | x1 | x2...
1 +1.237398232e+007 +1.237398232e+007 +1.237377244e+007 +1.237377244e+007 +3.5807e+000 -4.8718e+000 +1.6095e+000 -4.1030e+000 +2.4525e+000 +3.0288e+000 -6.4961e-001 +4.7201e+000 -2.9350e+000 -2.4578e+000 +1.0849e+000 +5.7607e-001 -6.8734e-001 -1.8861e+000 -3.1197e+000 +7.2570e-001 +1.9703e+000 +1.5127e+000 -1.4307e+000 -8.4669e-001
8 +8.774333118e+006 +8.774333118e+006 +8.774123238e+006 +8.774123238e+006 -1.8656e+000 +3.8341e+000 +1.7932e+000 -7.4685e-001 -3.5566e+000 -5.6090e-001 +2.3610e+000 +1.8350e+000 -2.1339e+000 -1.7500e+000 +9.5725e-001 +3.5470e+000 +3.2323e+000 +3.2497e+000 -1.0304e+000 -4.0300e+000 -1.2819e+000 +1.0836e+000 -3.4693e+000 +4.3418e+000
137 +5.433948585e+006 +5.433948585e+006 +5.433738705e+006 +5.433738705e+006 -7.2123e+000 +6.8951e-001 -4.0483e-001 -3.8344e+000 +1.9419e+000 -8.7421e+000 +5.8709e+000 +2.1171e+000 -1.1640e+000 +8.8245e+000 -9.5150e+000 -2.0409e-001 +6.9105e+000 -6.1351e+000 +7.3214e+000 -1.4102e+000 -6.4944e-001 +3.8582e+000 -2.3698e+000 +3.1297e+000
196 +3.503995995e+006 +3.503995995e+006 +3.503786115e+006 +3.503786115e+006 -7.2123e+000 +6.8951e-001 -4.0481e-001 -3.8343e+000 +1.9419e+000 -8.7411e+000 +5.8704e+000 +2.1163e+000 -1.1640e+000 +8.8157e+000 -9.4813e+000 -1.9797e-001 +6.8933e+000 -6.0603e+000 +7.2318e+000 -1.6153e+000 -7.5782e-001 +3.2572e+000 -1.8903e+000 +2.0001e+000
326 +1.699971202e+006 +1.699971202e+006 +1.699761322e+006 +1.699761322e+006 -7.2119e+000 +6.8949e-001 -4.0426e-001 -3.8329e+000 +1.9418e+000 -8.7211e+000 +5.8605e+000 +2.0991e+000 -1.1637e+000 +8.6294e+000 -8.7677e+000 -6.7455e-002 +6.5317e+000 -4.4561e+000 +3.1482e+000 -2.0796e+000 -2.5704e+000 +2.4888e+000 -1.5016e+000 +1.4177e+000
334 +1.400216990e+006 +1.400216990e+006 +1.400007110e+006 +1.400007110e+006 -7.2117e+000 +6.8948e-001 -4.0390e-001 -3.8320e+000 +1.9417e+000 -8.7082e+000 +5.8541e+000 +2.0881e+000 -1.1634e+000 +8.5098e+000 -8.3097e+000 +1.6437e-002 +6.3002e+000 -3.4243e+000 +4.8283e-001 -1.8642e+000 -2.8732e+000 +1.9437e+000 -1.5619e+000 +1.3947e+000
1032 +9.985915427e+005 +9.985915427e+005 +9.983816627e+005 +9.983816627e+005 -4.9855e+000 -7.1743e+000 -6.5674e+000 -4.5392e+000 +3.6019e+000 +7.6788e+000 +8.6434e+000 -6.2385e+000 -8.9440e+000 -1.2371e+000 -1.0094e+000 -7.5524e+000 -4.3323e+000 -4.5779e+000 +3.8075e-002 -4.1767e+000 -2.9908e+000 +2.7778e+000 -1.9326e+000 +1.9675e+000
1091 +6.097503986e+005 +6.097503986e+005 +6.095405186e+005 +6.095405186e+005 -4.9854e+000 -7.1739e+000 -6.5656e+000 -4.5376e+000 +3.6007e+000 +7.6740e+000 +8.6245e+000 -6.2161e+000 -8.8596e+000 -1.1588e+000 -9.5365e-001 -6.4690e+000 -2.4530e+000 -3.2909e+000 -1.3925e+000 -3.6046e+000 -3.6917e+000 +2.5980e+000 -2.5436e+000 +2.0047e+000
1209 +2.868974110e+005 +2.868974110e+005 +2.866875310e+005 +2.866875310e+005 -4.9849e+000 -7.1722e+000 -6.5596e+000 -4.5323e+000 +3.5967e+000 +7.6580e+000 +8.5621e+000 -6.1425e+000 -8.5900e+000 -9.0096e-001 -7.7062e-001 -3.9853e+000 +7.9992e-001 -1.3617e+000 -3.7434e-001 -4.0829e+000 -2.8268e+000 +2.6445e+000 -2.3261e+000 +1.9667e+000
