% function evaluation | noise-free fitness - Fopt (6.870000000000e+000) | best noise-free fitness - Fopt | measured fitness | best measured fitness | x1 | x2...
1 +5.915710861e+001 +5.915710861e+001 +6.602710861e+001 +6.602710861e+001 +4.4256e+000 +2.0162e-001
2 +2.833208057e+001 +2.833208057e+001 +3.520208057e+001 +3.520208057e+001 -2.0802e-001 -3.8571e+000
36 +2.431000529e+001 +2.431000529e+001 +3.118000529e+001 +3.118000529e+001 -4.6899e+000 +7.1696e-299
69 +9.114908689e+000 +9.114908689e+000 +1.598490869e+001 +1.598490869e+001 -5.4649e+000 +7.1696e-299
84 +6.304417208e+000 +6.304417208e+000 +1.317441721e+001 +1.317441721e+001 -5.4638e+000 +7.1696e-299
1591 +2.630191272e+000 +2.630191272e+000 +9.500191272e+000 +9.500191272e+000 -1.1409e+000 +7.1696e-299
1593 +1.099344898e+000 +1.099344898e+000 +7.969344898e+000 +7.969344898e+000 -1.1379e+000 +7.1696e-299
1594 +5.423221323e-001 +5.423221323e-001 +7.412322132e+000 +7.412322132e+000 -1.1383e+000 +7.1696e-299
1596 +3.325701376e-001 +3.325701376e-001 +7.202570138e+000 +7.202570138e+000 -1.1386e+000 +7.1696e-299
