% function evaluation | noise-free fitness - Fopt (6.870000000000e+000) | best noise-free fitness - Fopt | measured fitness | best measured fitness | x1 | x2...
1 +2.548042567e+001 +2.548042567e+001 +3.235042567e+001 +3.235042567e+001 +9.3163e-001 -1.9651e+000
2 +1.457311121e+001 +1.457311121e+001 +2.144311121e+001 +2.144311121e+001 -9.8646e-001 +1.4670e+000
38 +9.600506101e+000 +9.600506101e+000 +1.647050610e+001 +1.647050610e+001 +2.9623e-001 -1.2433e+000
40 +5.052527928e+000 +5.052527928e+000 +1.192252793e+001 +1.192252793e+001 +2.9632e-001 -1.2452e+000
964 +3.530226070e+000 +3.530226070e+000 +1.040022607e+001 +1.040022607e+001 -6.5389e+000 -1.7254e+000
2809 +2.409654261e+000 +2.409654261e+000 +9.279654261e+000 +9.279654261e+000 -8.3963e-002 -1.9417e+000
2844 +1.322083180e+000 +1.322083180e+000 +8.192083180e+000 +8.192083180e+000 -1.1091e-001 -1.9244e+000
2887 +8.262684437e-001 +8.262684437e-001 +7.696268444e+000 +7.696268444e+000 -1.1423e-001 -1.9215e+000
2891 +5.187721974e-001 +5.187721974e-001 +7.388772197e+000 +7.388772197e+000 -1.1594e-001 -1.9200e+000
