% function evaluation | noise-free fitness - Fopt (6.870000000000e+000) | best noise-free fitness - Fopt | measured fitness | best measured fitness | x1 | x2...
1 +5.870920939e+001 +5.870920939e+001 +6.557920939e+001 +6.557920939e+001 +1.0062e+000 -3.2351e+000 +2.0233e+000
2 +3.101424154e+001 +3.101424154e+001 +3.788424154e+001 +3.788424154e+001 -1.2379e+000 -3.6305e+000 -4.1874e+000
5 +1.316525137e+001 +1.316525137e+001 +2.003525137e+001 +2.003525137e+001 -2.2111e+000 -6.0420e-002 +4.9996e+000
29 +4.895381225e+000 +4.895381225e+000 +1.176538123e+001 +1.176538123e+001 -1.3743e+000 +3.9807e+000 -4.5340e+000
36 +3.424764813e+000 +3.424764813e+000 +1.029476481e+001 +1.029476481e+001 -1.3853e+000 +3.9791e+000 -4.5441e+000
38 +1.802812427e+000 +1.802812427e+000 +8.672812427e+000 +8.672812427e+000 -1.3807e+000 +3.9798e+000 -4.5398e+000
81 +1.469632482e+000 +1.469632482e+000 +8.339632482e+000 +8.339632482e+000 -1.3825e+000 +3.9786e+000 -4.5390e+000
2123 +9.520600155e-001 +9.520600155e-001 +7.822060015e+000 +7.822060015e+000 +2.4503e+000 -4.6801e+000 -4.2931e+000
2168 +6.232419518e-001 +6.232419518e-001 +7.493241952e+000 +7.493241952e+000 +2.4508e+000 -4.6791e+000 -4.2949e+000
