% function evaluation | noise-free fitness - Fopt (6.870000000000e+000) | best noise-free fitness - Fopt | measured fitness | best measured fitness | x1 | x2...
1 +4.613870065e+001 +4.613870065e+001 +5.300870065e+001 +5.300870065e+001 -1.3540e+000 +1.3141e+000 -5.4231e-001
2 +3.669795320e+001 +3.669795320e+001 +4.356795320e+001 +4.356795320e+001 -1.9536e+000 -2.5451e+000 +3.4525e+000
5 +2.113854703e+001 +2.113854703e+001 +2.800854703e+001 +2.800854703e+001 +1.6774e+000 +4.4074e+000 +3.8272e+000
27 +1.183531114e+001 +1.183531114e+001 +1.870531114e+001 +1.870531114e+001 +4.0199e-001 -2.8822e+000 +3.7753e+000
31 +6.288024692e+000 +6.288024692e+000 +1.315802469e+001 +1.315802469e+001 +5.2630e-001 -2.8250e+000 +3.8185e+000
34 +2.922652896e+000 +2.922652896e+000 +9.792652896e+000 +9.792652896e+000 +5.5660e-001 -2.8110e+000 +3.8291e+000
38 +2.367421305e+000 +2.367421305e+000 +9.237421305e+000 +9.237421305e+000 +5.5919e-001 -2.8098e+000 +3.8300e+000
84 +1.573341916e+000 +1.573341916e+000 +8.443341916e+000 +8.443341916e+000 +5.5823e-001 -2.8106e+000 +3.8302e+000
4374 +7.444992780e-001 +7.444992780e-001 +7.614499278e+000 +7.614499278e+000 +5.3259e+000 +5.3236e+000 +3.7711e+000
