% function evaluation | noise-free fitness - Fopt (6.870000000000e+000) | best noise-free fitness - Fopt | measured fitness | best measured fitness | x1 | x2...
1 +1.221160939e+001 +1.221160939e+001 +1.908160939e+001 +1.908160939e+001 -1.9663e+000 +4.7215e+000
3 +2.997136068e+000 +2.997136068e+000 +9.867136068e+000 +9.867136068e+000 -2.5817e+000 -2.6349e+000
77 +2.187344529e+000 +2.187344529e+000 +9.057344529e+000 +9.057344529e+000 -2.3242e+000 +4.6204e+000
82 +1.538792612e+000 +1.538792612e+000 +8.408792612e+000 +8.408792612e+000 -2.3238e+000 +4.6205e+000
1980 +9.981720344e-001 +9.981720344e-001 +7.868172034e+000 +7.868172034e+000 -2.6186e+000 -2.6089e+000
1981 +2.135654482e-001 +2.135654482e-001 +7.083565448e+000 +7.083565448e+000 -2.6169e+000 -2.6108e+000
1986 +6.632722286e-002 +6.632722286e-002 +6.936327223e+000 +6.936327223e+000 -2.6166e+000 -2.6111e+000
1988 +5.937704265e-002 +5.937704265e-002 +6.929377043e+000 +6.929377043e+000 -2.6166e+000 -2.6111e+000
1992 +3.437408971e-002 +3.437408971e-002 +6.904374090e+000 +6.904374090e+000 -2.6166e+000 -2.6111e+000
