% function evaluation | noise-free fitness - Fopt (6.870000000000e+000) | best noise-free fitness - Fopt | measured fitness | best measured fitness | x1 | x2...
1 +6.681372121e+001 +6.681372121e+001 +7.368372121e+001 +7.368372121e+001 -2.0719e+000 -3.4832e+000
2 +5.014849265e+001 +5.014849265e+001 +5.701849265e+001 +5.701849265e+001 +3.9350e-001 -2.3581e-001
3 +3.138552997e+001 +3.138552997e+001 +3.825552997e+001 +3.825552997e+001 +4.2605e+000 -3.5302e+000
4 +2.459076499e+001 +2.459076499e+001 +3.146076499e+001 +3.146076499e+001 +1.3281e+000 -1.6649e+000
22 +6.618153793e+000 +6.618153793e+000 +1.348815379e+001 +1.348815379e+001 +2.7976e+000 -3.0083e+000
45 +6.068402591e+000 +6.068402591e+000 +1.293840259e+001 +1.293840259e+001 +2.7976e+000 -3.0082e+000
153 +1.096821648e+000 +1.096821648e+000 +7.966821648e+000 +7.966821648e+000 -5.7885e-001 +1.6673e-001
155 +9.447641173e-001 +9.447641173e-001 +7.814764117e+000 +7.814764117e+000 -5.7837e-001 +1.6627e-001
156 +3.109342284e-001 +3.109342284e-001 +7.180934228e+000 +7.180934228e+000 -5.7627e-001 +1.6430e-001
