% function evaluation | noise-free fitness - Fopt (6.870000000000e+000) | best noise-free fitness - Fopt | measured fitness | best measured fitness | x1 | x2...
1 +6.041017389e+000 +6.041017389e+000 +1.291101739e+001 +1.291101739e+001 -1.5827e+000 +2.2145e-001 +1.4847e+000
127 +2.981179810e+000 +2.981179810e+000 +9.851179810e+000 +9.851179810e+000 -1.6100e+000 -6.9796e-001 +3.2055e-001
130 +2.459237635e+000 +2.459237635e+000 +9.329237635e+000 +9.329237635e+000 -1.6097e+000 -6.9927e-001 +3.2112e-001
169 +1.369245477e+000 +1.369245477e+000 +8.239245477e+000 +8.239245477e+000 -1.6140e+000 -6.9890e-001 +3.2316e-001
2901 +9.013223492e-001 +9.013223492e-001 +7.771322349e+000 +7.771322349e+000 +2.6872e+000 -1.0338e-001 +5.7734e-001
2938 +5.778522379e-001 +5.778522379e-001 +7.447852238e+000 +7.447852238e+000 +2.6919e+000 -1.0655e-001 +5.7420e-001
2942 +1.656427484e-001 +1.656427484e-001 +7.035642748e+000 +7.035642748e+000 +2.6902e+000 -1.0531e-001 +5.7549e-001
2944 +1.006556202e-001 +1.006556202e-001 +6.970655620e+000 +6.970655620e+000 +2.6904e+000 -1.0546e-001 +5.7533e-001
2946 +9.557170441e-002 +9.557170441e-002 +6.965571704e+000 +6.965571704e+000 +2.6905e+000 -1.0553e-001 +5.7526e-001
