% function evaluation | noise-free fitness - Fopt (4.078000000000e+001) | best noise-free fitness - Fopt | measured fitness | best measured fitness | x1 | x2...
1 +5.192145083e+001 +5.192145083e+001 +9.270145083e+001 +9.270145083e+001 -2.5024e+000 -3.9096e+000 -3.0454e+000
2 +3.124878406e+001 +3.124878406e+001 +7.202878406e+001 +7.202878406e+001 -4.9050e+000 -4.7024e-001 -7.9304e-001
3 +1.900590499e+001 +1.900590499e+001 +5.978590499e+001 +5.978590499e+001 -8.2156e-001 -4.0715e+000 -1.9902e+000
4 +1.284701208e+001 +1.284701208e+001 +5.362701208e+001 +5.362701208e+001 +3.4275e+000 -2.0775e+000 -6.8017e-001
24 +8.468598849e+000 +8.468598849e+000 +4.924859885e+001 +4.924859885e+001 +2.6944e+000 -1.4380e+000 -4.4158e-001
79 +6.278518902e+000 +6.278518902e+000 +4.705851890e+001 +4.705851890e+001 +2.5285e+000 -1.8243e+000 -9.7768e-001
1237 +2.696288471e+000 +2.696288471e+000 +4.347628847e+001 +4.347628847e+001 -1.3176e+000 +2.0811e+000 +2.7297e+000
1283 +2.462829843e+000 +2.462829843e+000 +4.324282984e+001 +4.324282984e+001 -1.2937e+000 +2.1399e+000 +2.5933e+000
3675 +1.442738445e+000 +1.442738445e+000 +4.222273845e+001 +4.222273845e+001 -2.5058e+000 +4.5501e+000 -2.0587e-001
