% function evaluation | noise-free fitness - Fopt (-1.025500000000e+002) | best noise-free fitness - Fopt | measured fitness | best measured fitness | x1 | x2...
1 +5.751182181e+001 +5.751182181e+001 -4.503817819e+001 -4.503817819e+001 -3.1927e+000 +1.2831e+000
3 +3.088844168e+001 +3.088844168e+001 -7.166155832e+001 -7.166155832e+001 +1.0355e+000 -4.3962e+000
4 +2.099491007e+001 +2.099491007e+001 -8.155508993e+001 -8.155508993e+001 -2.2330e+000 -3.0430e+000
32 +1.701727423e+000 +1.701727423e+000 -1.008482726e+002 -1.008482726e+002 +1.2838e+000 +2.3976e+000
33 +1.085438752e+000 +1.085438752e+000 -1.014645612e+002 -1.014645612e+002 +1.0219e+000 +2.5187e+000
1078 +8.603381374e-001 +8.603381374e-001 -1.016896619e+002 -1.016896619e+002 +5.7363e-001 -1.8645e+000
3075 +2.858538963e-001 +2.858538963e-001 -1.022641461e+002 -1.022641461e+002 -1.9300e-001 -9.7209e-001
3114 +1.141613960e-001 +1.141613960e-001 -1.024358386e+002 -1.024358386e+002 -1.8917e-001 -9.7051e-001
3116 +4.779298414e-002 +4.779298414e-002 -1.025022070e+002 -1.025022070e+002 -1.9023e-001 -9.7153e-001
