% function evaluation | noise-free fitness - Fopt (-1.025500000000e+002) | best noise-free fitness - Fopt | measured fitness | best measured fitness | x1 | x2...
1 +4.183598425e+002 +4.183598425e+002 +3.158098425e+002 +3.158098425e+002 +4.8566e+000 -4.8850e+000
2 +3.403601795e+001 +3.403601795e+001 -6.851398205e+001 -6.851398205e+001 +3.8980e+000 -1.5266e+000
4 +6.844295545e+000 +6.844295545e+000 -9.570570446e+001 -9.570570446e+001 +1.3502e+000 +2.4442e+000
5 +2.366902713e+000 +2.366902713e+000 -1.001830973e+002 -1.001830973e+002 +3.9676e+000 +6.2490e-001
41 +1.495360307e+000 +1.495360307e+000 -1.010546397e+002 -1.010546397e+002 +1.8243e+000 -9.6195e-001
50 +5.694897677e-001 +5.694897677e-001 -1.019805102e+002 -1.019805102e+002 -3.1267e-001 +1.8027e+000
2079 +3.097877243e-001 +3.097877243e-001 -1.022402123e+002 -1.022402123e+002 +5.7257e-001 +3.6970e+000
2081 +6.290059076e-002 +6.290059076e-002 -1.024870994e+002 -1.024870994e+002 +5.7210e-001 +3.6973e+000
3081 +3.209581284e-002 +3.209581284e-002 -1.025179042e+002 -1.025179042e+002 +3.8576e-001 +2.4470e+000
