% function evaluation | noise-free fitness - Fopt (-1.025500000000e+002) | best noise-free fitness - Fopt | measured fitness | best measured fitness | x1 | x2...
1 +6.791907195e+001 +6.791907195e+001 -3.463092805e+001 -3.463092805e+001 -2.2894e+000 +2.9704e+000
2 +2.143909192e+001 +2.143909192e+001 -8.111090808e+001 -8.111090808e+001 -2.2040e+000 -3.4146e+000
3 +1.386566332e+001 +1.386566332e+001 -8.868433668e+001 -8.868433668e+001 -2.1294e+000 -2.5518e+000
39 +2.751933307e+000 +2.751933307e+000 -9.979806669e+001 -9.979806669e+001 +2.5664e+000 +6.9473e+000
48 +1.630677626e+000 +1.630677626e+000 -1.009193224e+002 -1.009193224e+002 +2.5560e+000 +6.9939e+000
55 +1.563807553e+000 +1.563807553e+000 -1.009861924e+002 -1.009861924e+002 +2.5561e+000 +6.9938e+000
741 +4.482683493e-001 +4.482683493e-001 -1.021017317e+002 -1.021017317e+002 +5.9831e+000 +3.3067e+000
753 +1.510175547e-001 +1.510175547e-001 -1.023989824e+002 -1.023989824e+002 +5.9846e+000 +3.3106e+000
755 +4.722567002e-002 +4.722567002e-002 -1.025027743e+002 -1.025027743e+002 +5.9841e+000 +3.3093e+000
