% function evaluation | noise-free fitness - Fopt (-1.025500000000e+002) | best noise-free fitness - Fopt | measured fitness | best measured fitness | x1 | x2...
1 +6.774021922e+001 +6.774021922e+001 -3.480978078e+001 -3.480978078e+001 -7.5082e-001 +4.4603e+000 +3.9614e+000
2 +5.527874116e+001 +5.527874116e+001 -4.727125884e+001 -4.727125884e+001 +7.1124e-001 +3.7174e+000 -2.0290e+000
3 +6.004544029e+000 +6.004544029e+000 -9.654545597e+001 -9.654545597e+001 +3.1107e+000 -1.6846e+000 +2.4493e+000
56 +3.116348398e+000 +3.116348398e+000 -9.943365160e+001 -9.943365160e+001 +2.8540e+000 -2.0951e+000 +1.0260e+000
60 +2.127095263e+000 +2.127095263e+000 -1.004229047e+002 -1.004229047e+002 +2.8538e+000 -2.0939e+000 +1.0278e+000
140 +1.475658227e+000 +1.475658227e+000 -1.010743418e+002 -1.010743418e+002 +2.8529e+000 -2.0945e+000 +1.0262e+000
2384 +7.342400889e-001 +7.342400889e-001 -1.018157599e+002 -1.018157599e+002 -5.0982e-001 +5.4232e-001 -1.4361e+000
2418 +5.914179692e-001 +5.914179692e-001 -1.019585820e+002 -1.019585820e+002 -5.0961e-001 +5.5548e-001 -1.4184e+000
2423 +2.429310444e-001 +2.429310444e-001 -1.023070690e+002 -1.023070690e+002 -5.0961e-001 +5.5526e-001 -1.4187e+000
