% function evaluation | noise-free fitness - Fopt (-1.025500000000e+002) | best noise-free fitness - Fopt | measured fitness | best measured fitness | x1 | x2...
1 +5.081338290e+001 +5.081338290e+001 -5.173661710e+001 -5.173661710e+001 +3.3388e+000 +9.1480e-001 -1.4054e+000 -3.9558e+000 +4.2993e+000
2 +3.186960679e+001 +3.186960679e+001 -7.068039321e+001 -7.068039321e+001 -8.2205e-001 -4.7150e+000 +2.9334e+000 -2.1243e-001 -1.0260e+000
5 +1.355792006e+001 +1.355792006e+001 -8.899207994e+001 -8.899207994e+001 +2.4730e+000 +6.4827e-001 +2.3982e+000 -3.2097e+000 +3.6780e-001
13 +7.045916963e+000 +7.045916963e+000 -9.550408304e+001 -9.550408304e+001 -1.1590e+000 +7.1696e-299 +4.4768e-116 +7.4670e-299 +3.0597e-294
29 +6.037801887e+000 +6.037801887e+000 -9.651219811e+001 -9.651219811e+001 -6.5647e-001 +7.1696e-299 +4.4768e-116 +7.4670e-299 +3.0597e-294
38 +3.121636776e+000 +3.121636776e+000 -9.942836322e+001 -9.942836322e+001 -6.0750e-001 +7.1696e-299 +4.4768e-116 +7.4670e-299 +3.0597e-294
2012 +1.847337032e+000 +1.847337032e+000 -1.007026630e+002 -1.007026630e+002 +6.5451e-001 +7.1696e-299 +4.4768e-116 +7.4670e-299 +3.0597e-294
2014 +1.169841538e+000 +1.169841538e+000 -1.013801585e+002 -1.013801585e+002 +5.0404e-001 +7.1696e-299 +4.4768e-116 +7.4670e-299 +3.0597e-294
2019 +8.286140113e-001 +8.286140113e-001 -1.017213860e+002 -1.017213860e+002 +4.9047e-001 +7.1696e-299 +4.4768e-116 +7.4670e-299 +3.0597e-294
